1.999999999999954525e+01
1.997983406879678370e+01
1.996138650492260069e+01
1.994464186832182762e+01
1.992958562835216441e+01
1.991620413834881376e+01
1.990448461143456171e+01
1.989441509758799853e+01
1.988598446182986734e+01
1.987918236352751578e+01
1.987399923671992141e+01
1.987042627144195706e+01
1.986845539597306853e+01
1.986807925998712321e+01
1.986929121853168567e+01
1.987208531681514856e+01
1.987645627573863649e+01
1.988239947815489472e+01
1.988991095581182122e+01
1.989898737691040864e+01
1.990962603430822497e+01
1.992182483425816741e+01
1.993558228570806534e+01
1.995089749010994140e+01
1.996777013169259618e+01
1.998620046818538043e+01
2.000618932197633981e+01
2.002773807163187669e+01
2.005084864381656118e+01
2.007552350549875086e+01
2.010176565651283198e+01
2.012957862236871520e+01
2.015896644736662324e+01
2.018993368785271514e+01
2.022248540579619558e+01
2.025662716245478023e+01
2.029236501224551859e+01
2.032970549673215643e+01
2.036865563872197171e+01
2.040922293643416907e+01
2.045141535776293651e+01
2.049524133455124542e+01
2.054070975678811450e+01
2.058782996698204926e+01
2.063661175433266237e+01
2.068706534888012527e+01
2.073920141556787655e+01
2.079303104820729686e+01
2.084856576325613275e+01
2.090581749349198759e+01
2.096479858140115482e+01
2.102552177242890252e+01
2.108800020796059371e+01
2.115224741799738339e+01
2.121827731358827407e+01
2.128610417881261796e+01
2.135574266273330934e+01
2.142720777054457315e+01
2.150051485455976064e+01
2.157567960475457625e+01
2.165271803885471158e+01
2.173164649190309206e+01
2.181248160539364989e+01
2.189524031580089414e+01
2.197993984264946477e+01
2.206659767555394680e+01
2.215523156248660541e+01
2.224585949445516064e+01
2.233849969186543660e+01
2.243317058948601428e+01
2.252989082083731631e+01
2.262867920114098297e+01
2.272955471334330468e+01
2.283253648694581628e+01
2.293764378071312038e+01
2.304489596481274916e+01
2.315431250055237200e+01
2.326591292166420644e+01
2.337971680843454081e+01
2.349574377257843594e+01
2.361401343353071880e+01
2.373454538931229152e+01
2.385735920423322298e+01
2.398247437694314499e+01
2.410991031637813364e+01
2.423968632372526955e+01
2.437182155948432083e+01
2.450633502392603802e+01
2.464324552717214800e+01
2.478257166682557511e+01
2.492433180004304205e+01
2.506854401575730051e+01
2.521522611500907018e+01
2.536439557586611926e+01
2.551606953613419293e+01
2.567026476330148199e+01
2.582699763022221973e+01
2.598628408887194041e+01
2.614813965129574314e+01
2.631257936133586739e+01
2.647961777232606906e+01
2.664926892803476832e+01
2.682154633989853565e+01
2.699646296900529308e+01
2.717403120313357689e+01
2.735426284346036141e+01
2.753716908816573650e+01
2.772276051739207858e+01
2.791104707618897152e+01
2.810203806879591326e+01
2.829574214740742377e+01
2.849216729820914651e+01
2.869132084128313309e+01
2.889320942520784286e+01
2.909783901808476614e+01
2.930521491191509043e+01
2.951534172334523376e+01
2.972822339022956228e+01
2.994386318076538345e+01
3.016226369929663065e+01
3.038342688977193973e+01
3.060735404786970548e+01
3.083404583299007129e+01
3.106350227646657203e+01
3.129572279791377909e+01
3.153070622188527494e+01
3.176845079015790674e+01
3.200895418180168406e+01
3.225221353371610888e+01
3.249822545584026301e+01
3.274698605437695420e+01
3.299849095543253696e+01
3.325273532130767506e+01
3.350971387667989632e+01
3.376942093388186805e+01
3.403185040945185591e+01
3.429699585329285583e+01
3.456485047150651013e+01
3.483540714564019680e+01
3.510865846309676641e+01
3.538459673353508350e+01
3.566321401559046222e+01
3.594450214152998058e+01
3.622845273140465849e+01
3.651505722520040109e+01
3.680430689454745874e+01
3.709619286932672821e+01
3.739070615540570230e+01
3.768783765141839837e+01
3.798757817297610728e+01
3.828991846186205805e+01
3.859484921186545847e+01
3.890236107536793497e+01
3.921244468804152916e+01
3.952509067326064240e+01
3.984028966543357342e+01
4.015803231245579497e+01
4.047830929692520385e+01
4.080111134013347396e+01
4.112642921629933568e+01
4.145425375963174730e+01
4.178457587496274783e+01
4.211738654449330710e+01
4.245267683380762946e+01
4.279043790162106831e+01
4.313066100395478486e+01
4.347333749746789522e+01
4.381845885085751746e+01
4.416601664004431882e+01
4.451600255956812191e+01
4.486840841963780946e+01
4.522322615389207101e+01
4.558044781947835133e+01
4.594006559400419576e+01
4.630207179024343844e+01
4.666645884500489672e+01
4.703321932616810130e+01
4.740234592820021930e+01
4.777383147757647208e+01
4.814766892929814901e+01
4.852385136399909271e+01
4.890237200049070054e+01
4.928322418238170144e+01
4.966640137970639302e+01
5.005189718908515317e+01
5.043970533070397266e+01
5.082981965722343887e+01
5.122223412908146400e+01
5.161694284442534553e+01
5.201394001541859780e+01
5.241321997076907024e+01
5.281477715420294317e+01
5.321860613595923439e+01
5.362470157094903556e+01
5.403305825883487756e+01
5.444367109418900696e+01
5.485653507783935368e+01
5.527164531511744627e+01
5.568899702014972064e+01
5.610858550593494698e+01
5.653040617703175030e+01
5.695445455305652871e+01
5.738072623896287183e+01
5.780921693334512668e+01
5.823992242499986816e+01
5.867283860184770106e+01
5.910796143122803414e+01
5.954528696545305877e+01
5.998481135244553286e+01
6.042653081452854735e+01
6.087044165536715212e+01
6.131654025623910087e+01
6.176482308268818855e+01
6.221528667036170646e+01
6.266792762208964263e+01
6.312274262884710652e+01
6.357972844408664770e+01
6.403888188769150247e+01
6.450019984982493781e+01
6.496367928840632544e+01
6.542931723082337214e+01
6.589711073497261395e+01
6.636705696627829809e+01
6.683915312707379996e+01
6.731339648082028759e+01
6.778978434533949837e+01
6.826831410287334734e+01
6.874898317578760043e+01
6.923178905843199971e+01
6.971672928321632412e+01
7.020380144384675702e+01
7.069300316313828603e+01
7.118433213954337191e+01
7.167778610628950275e+01
7.217336284339459951e+01
7.267106017733463830e+01
7.317087597586014169e+01
7.367280815353926471e+01
7.417685466647316161e+01
7.468301351190444848e+01
7.519128272646399580e+01
7.570166038989854940e+01
7.621414460421925696e+01
7.672873353327945267e+01
7.724542536481635580e+01
7.776421832645266363e+01
7.828511067544893365e+01
7.880810070715659776e+01
7.933318674412416271e+01
7.986036715329082369e+01
8.038964032719233899e+01
8.092100469099236193e+01
8.145445868967151171e+01
8.199000081645058913e+01
8.252762959712251245e+01
8.306734353379404467e+01
8.360914123031038514e+01
8.415302127550853584e+01
8.469898229570516435e+01
8.524702293952879018e+01
8.579714186836595502e+01
8.634933779767274586e+01
8.690360945173547691e+01
8.745995557192561876e+01
8.801837493251534283e+01
8.857886632849165665e+01
8.914142857422588406e+01
8.970606050873041681e+01
9.027276099289606748e+01
9.084152890867378005e+01
9.141236314854120337e+01
9.198526264081657189e+01
9.256022633698680124e+01
9.313725316051115044e+01
9.371634212204662617e+01
9.429749220994803238e+01
9.488070243866023645e+01
9.546597183493706495e+01
9.605329944791500907e+01
9.664268435901585974e+01
9.723412561955819911e+01
9.782762235231784587e+01
9.842317368231545061e+01
9.902077869051734638e+01
9.962043656478476805e+01
1.002221464574634382e+02
1.008259075285683792e+02
1.014317189762933964e+02
1.020395800031489841e+02
1.026494898152291313e+02
1.032614476521194007e+02
1.038754527516037740e+02
1.044915043619219119e+02
1.051096017603051109e+02
1.057297442219243919e+02
1.063519310326940257e+02
1.069761615055003574e+02
1.076024349495624648e+02
1.082307506883435479e+02
1.088611080668681979e+02
1.094935064259250765e+02
1.101279451259972291e+02
1.107644235398232695e+02
1.114029410429969573e+02
1.120434970232444840e+02
1.126860908873804163e+02
1.133307220341787058e+02
1.139773898891555319e+02
1.146260938895149053e+02
1.152768334379114492e+02
1.159296080160890909e+02
1.165844170609108517e+02
1.172412600411264094e+02
1.179001364335640716e+02
1.185610456970188409e+02
1.192239873417115490e+02
1.198889608527113495e+02
1.205559657353105365e+02
1.212250015138486958e+02
1.218960676725662609e+02
1.225691637699107730e+02
1.232442893315065504e+02
1.239214438892035020e+02
1.246006270030616463e+02
1.252818382148509642e+02
1.259650770950360794e+02
1.266503432125079058e+02
1.273376361259063430e+02
1.280269554343098264e+02
1.287183007121546439e+02
1.294116715584621033e+02
1.301070675836301973e+02
1.308044883531253504e+02
1.315039335180509283e+02
1.322054026787524208e+02
1.329088954568868814e+02
1.336144114921607127e+02
1.343219503887185340e+02
1.350315118124673575e+02
1.357430953933655076e+02
1.364567007875203046e+02
1.371723276405653280e+02
1.378899756159589174e+02
1.386096443808445997e+02
1.393313335870391256e+02
1.400550429372870838e+02
1.407807720622432726e+02
1.415085206874665573e+02
1.422382884790578998e+02
1.429700751341534044e+02
1.437038803473109851e+02
1.444397038103958835e+02
1.451775452436618821e+02
1.459174043270274410e+02
1.466592808123128862e+02
1.474031743575629605e+02
1.481490847350977731e+02
1.488970116438773914e+02
1.496469548183828522e+02
1.503989139865807374e+02
1.511528888792174712e+02
1.519088792514631905e+02
1.526668848057596222e+02
1.534269053273298766e+02
1.541889405419127570e+02
1.549529902141209163e+02
1.557190540884817835e+02
1.564871319294296939e+02
1.572572234972345768e+02
1.580293285518552011e+02
1.588034468645724360e+02
1.595795782068956612e+02
1.603577223496653232e+02
1.611378790712690261e+02
1.619200481498407385e+02
1.627042293680859757e+02
1.634904225114010785e+02
1.642786273659296228e+02
1.650688437255860777e+02
1.658610713777162005e+02
1.666553101264129850e+02
1.674515597592671270e+02
1.682498200900444942e+02
1.690500909073843161e+02
1.698523720336263523e+02
1.706566632592310100e+02
1.714629644139494644e+02
1.722712752909252458e+02
1.730815957324868748e+02
1.738939255167084923e+02
1.747082645065156896e+02
1.755246124870303106e+02
1.763429693137494212e+02
1.771633347849612221e+02
1.779857087572983687e+02
1.788100910344663532e+02
1.796364814743463967e+02
1.804648798880656670e+02
1.812952861296884635e+02
1.821277000328990994e+02
1.829621214343368933e+02
1.837985501859159285e+02
1.846369861184071794e+02
1.854774291054225444e+02
1.863198789454500002e+02
1.871643355407751699e+02
1.880107987049783844e+02
1.888592683187927435e+02
1.897097442184143290e+02
1.905622262727282248e+02
1.914167143350764491e+02
1.922732082645464970e+02
1.931317079300581838e+02
1.939922131825559291e+02
1.948547239144302523e+02
1.957192399413972623e+02
1.965857611837375316e+02
1.974542874762146596e+02
1.983248187114385246e+02
1.991973547510311278e+02
2.000718954714779443e+02
2.009484407534390868e+02
2.018269904617767168e+02
2.027075445014226887e+02
2.035901027036963455e+02
2.044746649973004367e+02
2.053612312348171258e+02
2.062498013210025363e+02
2.071403751382531198e+02
2.080329525321146775e+02
2.089275334548377714e+02
2.098241177421226382e+02
2.107227053139096427e+02
2.116232960549621680e+02
2.125258898491902926e+02
2.134304866076323037e+02
2.143370861999018757e+02
2.152456885388163812e+02
2.161562935381085708e+02
2.170689010412980622e+02
2.179835109994218953e+02
2.189001232922583142e+02
2.198187378218948425e+02
2.207393545113019115e+02
2.216619732186559020e+02
2.225865938880055808e+02
2.235132164091357367e+02
2.244418406903581342e+02
2.253724666632955120e+02
2.263050941737105290e+02
2.272397231951559604e+02
2.281763536045659180e+02
2.291149853233327178e+02
2.300556182862452204e+02
2.309982523409715611e+02
2.319428874685419544e+02
2.328895235510165662e+02
2.338381605116052242e+02
2.347887982799435633e+02
2.357414367451345072e+02
2.366960758455599318e+02
2.376527155208652289e+02
2.386113556221178840e+02
2.395719961409444068e+02
2.405346369663188284e+02
2.414992780255472269e+02
2.424659192553946241e+02
2.434345605551349365e+02
2.444052018645098485e+02
2.453778431275541152e+02
2.463524842179314476e+02
2.473291251056728299e+02
2.483077657312010729e+02
2.492884059610925647e+02
2.502710457794938463e+02
2.512556851229927020e+02
2.522423238539879833e+02
2.532309619787244799e+02
2.542215993906417850e+02
2.552142360289982435e+02
2.562088718400601692e+02
2.572055067375367798e+02
2.582041406634503460e+02
2.592047735674751721e+02
2.602074053607570363e+02
2.612120359914750907e+02
2.622186654116846967e+02
2.632272935285654398e+02
2.642379202986685982e+02
2.652505456740029786e+02
2.662651695609119429e+02
2.672817919172463803e+02
2.683004127017057954e+02
2.693210318197283755e+02
2.703436492303658270e+02
2.713682648940431363e+02
2.723948787193200474e+02
2.734234906647868684e+02
2.744541006927090052e+02
2.754867087144617130e+02
2.765213146921264524e+02
2.775579185838283820e+02
2.785965203093772402e+02
2.796371198266933220e+02
2.806797170957773915e+02
2.817243120438724873e+02
2.827709046285134491e+02
2.838194947965313304e+02
2.848700825189815191e+02
2.859226676840213486e+02
2.869772502940336949e+02
2.880338303011940866e+02
2.890924076292600944e+02
2.901529822412061890e+02
2.912155540929205699e+02
2.922801231390935754e+02
2.933466893177406973e+02
2.944152525880285225e+02
2.954858129091310275e+02
2.965583702625822298e+02
2.976329245105826544e+02
2.987094756941339142e+02
2.997880237579300342e+02
3.008685686241896633e+02
3.019511102643264735e+02
3.030356486487571033e+02
3.041221837406841360e+02
3.052107154333168069e+02
3.063012437456355883e+02
3.073937686345902875e+02
3.084882900279367277e+02
3.095848078983764822e+02
3.106833222116416096e+02
3.117838329352281903e+02
3.128863399867274779e+02
3.139908433569871704e+02
3.150973430156088284e+02
3.162058389279801531e+02
3.173163309925063800e+02
3.184288192300835476e+02
3.195433036024471676e+02
3.206597840474448162e+02
3.217782605342299576e+02
3.228987330279004482e+02
3.240212015043731526e+02
3.251456658997385603e+02
3.262721261897831937e+02
3.274005823456876669e+02
3.285310343355882310e+02
3.296634821010150631e+02
3.307979256216697763e+02
3.319343648577457770e+02
3.330727997888863570e+02
3.342132303822617132e+02
3.353556565571541910e+02
3.365000783218906690e+02
3.376464956441787422e+02
3.387949084907568817e+02
3.399453168034481223e+02
3.410977205678797759e+02
3.422521197479866260e+02
3.434085143234073598e+02
3.445669042645156424e+02
3.457272894921327975e+02
3.468896700180923176e+02
3.480540458119156710e+02
3.492204168424919999e+02
3.503887830578387934e+02
3.515591444424053975e+02
3.527315009578700256e+02
3.539058525916018993e+02
3.550821993120089815e+02
3.562605410615454389e+02
3.574408778300778522e+02
3.586232095910768294e+02
3.598075363227648040e+02
3.609938579972607045e+02
3.621821745518360558e+02
3.633724859862848575e+02
3.645647922736955024e+02
3.657590933910849458e+02
3.669553893122964610e+02
3.681536799755908760e+02
3.693539653789043200e+02
3.705562455079758593e+02
3.717605203236611828e+02
3.729667898070216552e+02
3.741750539403511766e+02
3.753853126329340739e+02
3.765975659274083114e+02
3.778118137848440483e+02
3.790280561808867787e+02
3.802462930901107256e+02
3.814665244973286917e+02
3.826887503080440069e+02
3.839129705739371161e+02
3.851391852545236816e+02
3.863673943258850159e+02
3.875975977636251173e+02
3.888297955534048924e+02
3.900639876066845773e+02
3.913001739698906931e+02
3.925383546042015723e+02
3.937785294886594443e+02
3.950206985991439979e+02
3.962648619178949048e+02
3.975110193799163198e+02
3.987591710067938493e+02
4.000093167639782337e+02
4.012614566377040433e+02
4.025155906036617921e+02
4.037717186413074728e+02
4.050298407377410967e+02
4.062899568022508561e+02
4.075520668926080816e+02
4.088161709673245809e+02
4.100822690076009849e+02
4.113503609912055481e+02
4.126204468992873444e+02
4.138925267192823299e+02
4.151666003617132219e+02
4.164426678873833225e+02
4.177207292534185967e+02
4.190007844429808301e+02
4.202828334413731000e+02
4.215668762228296487e+02
4.228529127358039545e+02
4.241409430002276508e+02
4.254309669816491919e+02
4.267229846733577574e+02
4.280169960443794253e+02
4.293130010835707253e+02
4.306109997713915050e+02
4.319109920890256831e+02
4.332129780183580010e+02
4.345169575434729268e+02
4.358229306502127542e+02
4.371308972693024657e+02
4.384408574518884052e+02
4.397528111463220739e+02
4.410667583471874309e+02
4.423826990368445990e+02
4.437006331969074608e+02
4.450205608097417098e+02
4.463424818584103377e+02
4.476663963280101939e+02
4.489923042062042668e+02
4.503202054268068082e+02
4.516501000355410156e+02
4.529819879922339965e+02
4.543158692826849006e+02
4.556517438943444063e+02
4.569896118101140701e+02
4.583294730134159067e+02
4.596713274881619213e+02
4.610151752187683769e+02
4.623610161911402656e+02
4.637088503941243403e+02
4.650586778042173250e+02
4.664104983558059416e+02
4.677643121186760595e+02
4.691201190398309677e+02
4.704779191091022312e+02
4.718377123127722825e+02
4.731994986353479931e+02
4.745632780617096387e+02
4.759290505816881023e+02
4.772968161728736618e+02
4.786665748251734271e+02
4.800383265245937423e+02
4.814120712593626195e+02
4.827878089711869052e+02
4.841655397093618376e+02
4.855452634362799813e+02
4.869269801407450018e+02
4.883106898034537835e+02
4.896963924135265529e+02
4.910840879569806248e+02
4.924737764181114699e+02
4.938654577869617128e+02
4.952591320500496295e+02
4.966547991940313977e+02
4.980524592057072368e+02
4.994521120719464307e+02
5.008537577797611675e+02
5.022573963162312793e+02
5.036630276685560261e+02
5.050706518239954335e+02
5.064802687699348098e+02
5.078918784938338717e+02
5.093054809832224237e+02
5.107210762257304850e+02
5.121386642090923260e+02
5.135582449210728555e+02
5.149798183495616968e+02
5.164033844825032702e+02
5.178289433029859765e+02
5.192564948144553227e+02
5.206860389899429720e+02
5.221175758226868311e+02
5.235511053008627869e+02
5.249866274129633439e+02
5.264241421475946936e+02
5.278636494930874505e+02
5.293051494380426902e+02
5.307486419712327006e+02
5.321941270813786105e+02
5.336416047614148965e+02
5.350910750093770503e+02
5.365425377832511913e+02
5.379959930897304048e+02
5.394514409180607117e+02
5.409088812574003668e+02
5.423683140968953467e+02
5.438297394260987403e+02
5.452931572344041342e+02
5.467585675112279660e+02
5.482259702461525421e+02
5.496953654288400912e+02
5.511667530489871751e+02
5.526401330964047247e+02
5.541155055393779776e+02
5.555928704105622273e+02
5.570722276791290142e+02
5.585535773348600515e+02
5.600369193682327023e+02
5.615222537690044646e+02
5.630095805273525684e+02
5.644988996335317779e+02
5.659902110778497217e+02
5.674835148507048643e+02
5.689788109425380753e+02
5.704760993438753758e+02
5.719753800453206622e+02
5.734766530375519551e+02
5.749799183113273102e+02
5.764851758574769747e+02
5.779924256669684155e+02
5.795016677308245789e+02
5.810129020402673632e+02
5.825261285833150851e+02
5.840413473507993558e+02
5.855585583357446922e+02
5.870777615653058774e+02
5.885989569450937324e+02
5.901221445175843883e+02
5.916473242681231568e+02
5.931744961978434958e+02
5.947036602941175261e+02
5.962348165481390652e+02
5.977679649504117378e+02
5.993031054976638643e+02
6.008402381691729488e+02
6.023793629638363427e+02
6.039204798734082260e+02
6.054635888898510530e+02
6.070086900053487398e+02
6.085557832123331536e+02
6.101048685036870438e+02
6.116559458643712333e+02
6.132090152888450802e+02
6.147640767953280374e+02
6.163211303039159930e+02
6.178801758606936119e+02
6.194412134552904945e+02
6.210042430749832647e+02
6.225692647194888423e+02
6.241362783756641193e+02
6.257052840328784669e+02
6.272762816885825714e+02
6.288492713416675315e+02
6.304242530069142276e+02
6.320012265755212866e+02
6.335801921103520726e+02
6.351611496122550307e+02
6.367440990692837204e+02
6.383290404712234931e+02
6.399159738109292448e+02
6.415048990820768040e+02
6.430958162791719133e+02
6.446887253901486474e+02
6.462836264433921087e+02
6.478805193290880879e+02
6.494794041087603773e+02
6.510802807864912438e+02
6.526831493472045622e+02
6.542880097825772054e+02
6.558948620866115107e+02
6.575037062545882236e+02
6.591145422745188398e+02
6.607273701688329766e+02
6.623421898327706003e+02
6.639590013403815192e+02
6.655778046808229647e+02
6.671985998432173801e+02
6.688213868203155243e+02
6.704461656034218322e+02
6.720729361920505198e+02
6.737016985735219805e+02
6.753324527622382902e+02
6.769651986682537199e+02
6.785999363623996032e+02
6.802366658308816341e+02
6.818753870642175343e+02
6.835161000584282647e+02
6.851588048067916361e+02
6.868035013221712006e+02
6.884501895005337246e+02
6.900988694254652955e+02
6.917495410831069194e+02
6.934022044634677968e+02
6.950568595637331555e+02
6.967135063724143720e+02
6.983721448944440908e+02
7.000327750521371399e+02
7.016953969166446541e+02
7.033600104702777571e+02
7.050266157077011258e+02
7.066952126256394422e+02
7.083658012295304616e+02
7.100383814180588615e+02
7.117129532811209174e+02
7.133895168011333681e+02
7.150680719717811371e+02
7.167486188389358404e+02
7.184311572267374686e+02
7.201156872645190106e+02
7.218022089341137644e+02
7.234907222265081828e+02
7.251812271407425214e+02
7.268737236775069732e+02
7.285682117368303352e+02
7.302646914129467177e+02
7.319631626863375686e+02
7.336636255535793225e+02
7.353660800017928523e+02
7.370705260207218998e+02
7.387769635620574036e+02
7.404853926868241842e+02
7.421958133729209521e+02
7.439082256222882279e+02
7.456226294631724159e+02
7.473390247355732754e+02
7.490574115740407706e+02
7.507777899568280873e+02
7.525001598800228066e+02
7.542245213727011333e+02
7.559508742685105744e+02
7.576792187067020450e+02
7.594095546652761186e+02
7.611418821420845688e+02
7.628762011475928375e+02
7.646125115487957373e+02
7.663508134683369235e+02
7.680911068835781634e+02
7.698333917942268272e+02
7.715776681825467449e+02
7.733239359741413637e+02
7.750721952576152489e+02
7.768224460153081736e+02
7.785746882352524381e+02
7.803289218821091708e+02
7.820851469575299006e+02
7.838433634905441068e+02
7.856035714792558338e+02
7.873657708994199993e+02
7.891299616866862152e+02
7.908961439257300299e+02
7.926643176036764089e+02
7.944344827202495480e+02
7.962066391559653766e+02
7.979807870315321452e+02
7.997569263274153855e+02
8.015350570650416557e+02
8.033151790819607641e+02
8.050972925259503654e+02
8.068813973740227539e+02
8.086674936528294211e+02
8.104555811868868886e+02
8.122456601335580899e+02
8.140377304693571432e+02
8.158317922101183512e+02
8.176278451998655328e+02
8.194258895851916122e+02
8.212259253463614641e+02
8.230279524725848432e+02
8.248319708681167413e+02
8.266379806177545788e+02
8.284459817276680269e+02
8.302559742056931782e+02
8.320679579057731416e+02
8.338819329712055151e+02
8.356978994401130194e+02
8.375158570779743741e+02
8.393358060755697352e+02
8.411577463967787480e+02
8.429816780911365868e+02
8.448076009408820255e+02
8.466355151344549768e+02
8.484654206486458179e+02
8.502973174689504958e+02
8.521312054893315917e+02
8.539670848311459395e+02
8.558049554755443751e+02
8.576448173591269324e+02
8.594866704982011925e+02
8.613305149348819896e+02
8.631763506524321201e+02
8.650241775440526908e+02
8.668739957338002569e+02
8.687258052531448129e+02
8.705796058692102406e+02
8.724353977835864953e+02
8.742931809738108768e+02
8.761529553790436466e+02
8.780147209836604816e+02
8.798784778555079811e+02
8.817442259803825664e+02
8.836119652369555979e+02
8.854816957612383703e+02
8.873534175659737002e+02
8.892271304488666601e+02
8.911028345978177185e+02
8.929805299839601958e+02
8.948602165271931881e+02
8.967418942715216872e+02
8.986255632486991090e+02
9.005112233797688077e+02
9.023988746907967879e+02
9.042885172290119726e+02
9.061801509163744868e+02
9.080737757658724831e+02
9.099693918360666203e+02
9.118669990473961207e+02
9.137665974085765583e+02
9.156681869823053148e+02
9.175717676856274920e+02
9.194773395322401939e+02
9.213849025815172809e+02
9.232944567454155731e+02
9.252060020516771601e+02
9.271195385488194916e+02
9.290350661435130633e+02
9.309525848832139445e+02
9.328720948548965453e+02
9.347935957970179288e+02
9.367170879448217420e+02
9.386425712852643528e+02
9.405700456249529680e+02
9.424995111564844592e+02
9.444309678354229618e+02
9.463644155462446861e+02
