1.999999999999954525e+01
2.002192464812664596e+01
2.004560509006748248e+01
2.007105972022119644e+01
2.009830796281953624e+01
2.012737030505946123e+01
2.015826833200476287e+01
2.019102476334939311e+01
2.022566349216254622e+01
2.026220962567204609e+01
2.030068952828991158e+01
2.034113086689168526e+01
2.038356265859241745e+01
2.042801532105479367e+01
2.047452072555977765e+01
2.052311225292408636e+01
2.057382485248553650e+01
2.062669510430160713e+01
2.068176128472672559e+01
2.073906343563238153e+01
2.079864343739752996e+01
2.086054508594235912e+01
2.092481417401782551e+01
2.099149857703075028e+01
2.106064834361176707e+01
2.113231579128141036e+01
2.120655560742558166e+01
2.128342495596812967e+01
2.136298359005211722e+01
2.144529397107862323e+01
2.153042139445021164e+01
2.161843412246167517e+01
2.170940352474433865e+01
2.180340422667124756e+01
2.190051426626012088e+01
2.200081525996217380e+01
2.210439257791849954e+01
2.221133552924306187e+01
2.232173755783270153e+01
2.243569644934938978e+01
2.255331454990386320e+01
2.267469899735336725e+01
2.279996196528786712e+01
2.292922092111116328e+01
2.306259889839239463e+01
2.320022478439200597e+01
2.334223362339942653e+01
2.348876693698125706e+01
2.363997306075715699e+01
2.379600749997236520e+01
2.395703330331290104e+01
2.412322145587245714e+01
2.429475129202233319e+01
2.447181092842052053e+01
2.465459771760605889e+01
2.484331872249104478e+01
2.503819121086451460e+01
2.523944317085112132e+01
2.544731384615435843e+01
2.566205428991841231e+01
2.588392793594081454e+01
2.611321118591699886e+01
2.635019400964345238e+01
2.659518055290928729e+01
2.684848975379575009e+01
2.711045595595359714e+01
2.738142951860199403e+01
2.766177740413244024e+01
2.795188375625303578e+01
2.825215041920586856e+01
2.856299743116583656e+01
2.888486343136632684e+01
2.921820599151828901e+01
2.956350183623557726e+01
2.992124692317859314e+01
3.029195637505283045e+01
3.067616419313458564e+01
3.107442275128316211e+01
3.148730200931060352e+01
3.191538840510813557e+01
3.235928337872498872e+01
3.281960147748579004e+01
3.329696798925357371e+01
3.379201606119302426e+01
3.430538324090174740e+01
3.483770741151805339e+01
3.538962209816937587e+01
3.596175110526218077e+01
3.655470250456467340e+01
3.716906201905929663e+01
3.780538582243107726e+01
3.846419289562921762e+01
3.914595706245055595e+01
3.985109888227185593e+01
4.057997764070422164e+01
4.133288370430776126e+01
4.211003154377056745e+01
4.291155373716564014e+01
4.373749629742336253e+01
4.458781561021113760e+01
4.546237725586626510e+01
4.636095690377815259e+01
4.728324337610825268e+01
4.822884387897899217e+01
4.919729127349273057e+01
5.018805314755012148e+01
5.120054234030418172e+01
5.223412850245998840e+01
5.328815021215947922e+01
5.436192716913914325e+01
5.545477198548984887e+01
5.656600117694673457e+01
5.769494500708193385e+01
5.884095594268652718e+01
6.000341558544991472e+01
6.118174001208367940e+01
6.237538357396473998e+01
6.358384125705436674e+01
6.480664973226873826e+01
6.604338732578383997e+01
6.729367305263862420e+01
6.855716497431389200e+01
6.983355798747301435e+01
7.112258132457091619e+01
7.242399579144763777e+01
7.373759095466142810e+01
7.506318234523595834e+01
7.640060873243552919e+01
7.774972953567099410e+01
7.911042245543342233e+01
8.048258122904302070e+01
8.186611365714840360e+01
8.326093979155606917e+01
8.466699033906218119e+01
8.608420525575301951e+01
8.751253248578100852e+01
8.895192691177918221e+01
9.040234938226888062e+01
9.186376591449997875e+01
9.333614698686956501e+01
9.481946693040700325e+01
9.631370341701155269e+01
9.781883699554028055e+01
9.933485073298004409e+01
1.008617298485070393e+02
1.023994614748763041e+02
1.039480343756009546e+02
1.055074387565144605e+02
1.070776660816470525e+02
1.086587089116490290e+02
1.102505607765007056e+02
1.118532160557400914e+02
1.134666698776749314e+02
1.150909180200343656e+02
1.167259568584540403e+02
1.183717832759576680e+02
1.200283946129680004e+02
1.216957886120698475e+02
1.233739633758893746e+02
1.250629173290915048e+02
1.267626491789659866e+02
1.284731578810937833e+02
1.301944426167487450e+02
1.319265027669866015e+02
1.336693378925787101e+02
1.354229477087903888e+02
1.371873320734832475e+02
1.389624909669820170e+02
1.407484244815049692e+02
1.425451328113059617e+02
1.443526162312029157e+02
1.461708751033950193e+02
1.479999098401921174e+02
1.498397209361831131e+02
1.516903089242388205e+02
1.535516743925587093e+02
1.554238179613243176e+02
1.573067402920071629e+02
1.592004420756675245e+02
1.611049240305781041e+02
1.630201868982827307e+02
1.649462314300412515e+02
1.668830584103222918e+02
1.688306686198104671e+02
1.707890628657254979e+02
1.727582419490135806e+02
1.747382066882568665e+02
1.767289578968109538e+02
1.787304964037189734e+02
1.807428230315008477e+02
1.827659385932828968e+02
1.847998439213624522e+02
1.868445398344779846e+02
1.889000271508050730e+02
1.909663066807251823e+02
1.930433792348954682e+02
1.951312456214602093e+02
1.972299066279804833e+02
1.993393630517801114e+02
2.014596156821554018e+02
2.035906652898470384e+02
2.057325126448791650e+02
2.078851585141746909e+02
2.100486036449138965e+02
2.122228487963672592e+02
2.144078946818663383e+02
2.166037420462686782e+02
2.188103916092762518e+02
2.210278440729711349e+02
2.232561001525005793e+02
2.254951605196487776e+02
2.277450258745381291e+02
2.300056968862562599e+02
2.322771742169767606e+02
2.345594585283449192e+02
2.368525504598556779e+02
2.391564506578166629e+02
2.414711597414476500e+02
2.437966783408988931e+02
2.461330070560169645e+02
2.484801464997889013e+02
2.508380972556927588e+02
2.532068599174441772e+02
2.555864350529334956e+02
2.579768232364313008e+02
2.603780250285669808e+02
2.627900409631189973e+02
2.652128716050056596e+02
2.676465174733044137e+02
2.700909791071453583e+02
2.725462570140743424e+02
2.750123517146290055e+02
2.774892637030540072e+02
2.799769934801969384e+02
2.824755415350831527e+02
2.849849083425974641e+02
2.875050943868900504e+02
2.900361001228030204e+02
2.925779260170378961e+02
2.951305725216004134e+02
2.976940400776528008e+02
3.002683291329040003e+02
3.028534401144772232e+02
3.054493734396730247e+02
3.080561295447030830e+02
3.106737088356567256e+02
3.133021117135905342e+02
3.159413385908217720e+02
3.185913898547148051e+02
3.212522658954788426e+02
3.239239671013524458e+02
3.266064938444467316e+02
3.292998464977117692e+02
3.320040254327167872e+02
3.347190310131791762e+02
3.374448635728850832e+02
3.401815234919172894e+02
3.429290111001431569e+02
3.456873267365201627e+02
3.484564707484141195e+02
3.512364434560482778e+02
3.540272451883089957e+02
3.568288762666280149e+02
3.596413370119003048e+02
3.624646277359365172e+02
3.652987487311883115e+02
3.681437003228415392e+02
3.709994827951231855e+02
3.738660964544141052e+02
3.767435415708521305e+02
3.796318184553605874e+02
3.825309273738349134e+02
3.854408686172221792e+02
3.883616424412616084e+02
3.912932491341214813e+02
3.942356889610178996e+02
3.971889621766998175e+02
4.001530690443419189e+02
4.031280098198694759e+02
4.061137847622233608e+02
4.091103941084324447e+02
4.121178381146351057e+02
4.151361170247995460e+02
4.181652310536408095e+02
4.212051804657202183e+02
4.242559654866674919e+02
4.273175863369180547e+02
4.303900432518493631e+02
4.334733364462380791e+02
4.365674661467886040e+02
4.396724325728167742e+02
4.427882359352496451e+02
4.459148764417513462e+02
4.490523543090715748e+02
4.522006697440234007e+02
4.553598229328402454e+02
4.585298140959426973e+02
4.617106434281223528e+02
4.649023111214742130e+02
4.681048173648050579e+02
4.713181623576064112e+02
4.745423462830885910e+02
4.777773693323951534e+02
4.810232316724558359e+02
4.842799335022020841e+02
4.875474749951093827e+02
4.908258563300735204e+02
4.941150776778960676e+02
4.974151392061255592e+02
5.007260410933135404e+02
5.040477835045001598e+02
5.073803666063453193e+02
5.107237905574740466e+02
5.140780555292587906e+02
5.174431616729489178e+02
5.208191091372331130e+02
5.242058980976229350e+02
5.276035286999497202e+02
5.310120010963084951e+02
5.344313154367436027e+02
5.378614718699011519e+02
5.413024705421809131e+02
5.447543116007099115e+02
5.482169951855090630e+02
5.516905214366622658e+02
5.551748904959413267e+02
5.586701025014156130e+02
5.621761575895133092e+02
5.656930558950601835e+02
5.692207975513034626e+02
5.727593826899271789e+02
5.763088114410861635e+02
5.798690839334168459e+02
5.834402002940762486e+02
5.870221606487431245e+02
5.906149651216549046e+02
5.942186138356233869e+02
5.978331069120539496e+02
6.014584444709655600e+02
6.050946266310158990e+02
6.087416535041301131e+02
6.123995252164622798e+02
6.160682418779208547e+02
6.197478036020866057e+02
6.234382105009316319e+02
6.271394626853300451e+02
6.308515602649366656e+02
6.345745033550754215e+02
6.383082920433076879e+02
6.420529264501016087e+02
6.458084066813729578e+02
6.495747328352290424e+02
6.533519050177108056e+02
6.571399233299335947e+02
6.609387878760065860e+02
6.647484987469135831e+02
6.685690560383691263e+02
6.724004598598868370e+02
6.762427103021485664e+02
6.800958074656488179e+02
6.839597514253348436e+02
6.878345422922843682e+02
6.917201801520145636e+02
6.956166650984299622e+02
6.995239972250544724e+02
7.034421766053244482e+02
7.073712033448097145e+02
7.113110775342627221e+02
7.152617992306361430e+02
7.192233685461088726e+02
7.231957855576555403e+02
7.271790503552418841e+02
7.311731630049323485e+02
7.351781236061483469e+02
7.391939322389825975e+02
7.432205889677364894e+02
7.472580938841937268e+02
7.513064470654841216e+02
7.553656485957325231e+02
7.594356985337733477e+02
7.635165969863232931e+02
7.676083439886834867e+02
7.717109396425350951e+02
7.758243840246226455e+02
7.799486771888045951e+02
7.840838192419785173e+02
7.882298102029909614e+02
7.923866501829301114e+02
7.965543392503667519e+02
8.007328774552864843e+02
8.049222648931475987e+02
8.091225016023885246e+02
8.133335876701584084e+02
8.175555231600706065e+02
8.217883081401275831e+02
8.260319426744915745e+02
8.302864268204109521e+02
8.345517606595409461e+02
8.388279442331171367e+02
8.431149776250158538e+02
8.474128608836846297e+02
8.517215940797547091e+02
8.560411772739432763e+02
8.603716105253002979e+02
8.647128938888902212e+02
8.690650274314621129e+02
8.734280112194869616e+02
8.778018452867031556e+02
8.821865297193933202e+02
8.865820645507743620e+02
8.909884498593746684e+02
8.954056856827979800e+02
8.998337720893464393e+02
9.042727091369389427e+02
9.087224968648179129e+02
9.131831353406557810e+02
9.176546246258300243e+02
9.221369647416711359e+02
9.266301557783791623e+02
9.311341977740022458e+02
9.356490907545486380e+02
9.401748348163015407e+02
9.447114299928895207e+02
9.492588763051821843e+02
9.538171738518681195e+02
9.583863226588620137e+02
9.629663227584832157e+02
9.675571742292103181e+02
9.721588771148354908e+02
9.767714314428725402e+02
9.813948372793884118e+02
9.860290946703006512e+02
9.906742036516321832e+02
9.953301642785692138e+02
9.999969765947729456e+02
1.004674640650047650e+03
1.009363156478566452e+03
1.014062524122433729e+03
1.018772743641682723e+03
1.023493815076630881e+03
1.028225738466943540e+03
1.032968513854176308e+03
1.037722141269496433e+03
1.042486620777979169e+03
1.047261952414034340e+03
1.052048136220680590e+03
1.056845172225244823e+03
1.061653060479119176e+03
1.066471801027584661e+03
1.071301393903014969e+03
1.076141839149049019e+03
1.080993136807354404e+03
1.085855286918012553e+03
1.090728289503424548e+03
1.095612144625109522e+03
1.100506852306554947e+03
1.105412412581852323e+03
1.110328825524258491e+03
1.115256091103349490e+03
1.120194209417118600e+03
1.125143180479865578e+03
1.130103004329851046e+03
1.135073681003317233e+03
1.140055210533822901e+03
1.145047592961190048e+03
1.150050828314126875e+03
1.155064916635332793e+03
1.160089857950663600e+03
1.165125652303669085e+03
1.170172299719004513e+03
1.175229800239648739e+03
1.180298153890344793e+03
1.185377360712274594e+03
1.190467420732165692e+03
1.195568333986943571e+03
1.200680100506927147e+03
1.205802720324216125e+03
1.210936193473139383e+03
1.216080519980507916e+03
1.221235699896373035e+03
1.226401733208309224e+03
1.231578619992670838e+03
1.236766360263428851e+03
1.241964954041614419e+03
1.247174401364232608e+03
1.252394702269534719e+03
1.257625856779813830e+03
1.262867864924680816e+03
1.268120726747241179e+03
1.273384442247298239e+03
1.278659011469841289e+03
1.283944434441648809e+03
1.289240711198840472e+03
1.294547841764229133e+03
1.299865826162447320e+03
1.305194664428125634e+03
1.310534356588975925e+03
1.315884902649720516e+03
1.321246302667105283e+03
1.326618556653888390e+03
1.332001664643960794e+03
1.337395626651513794e+03
1.342800442714756855e+03
1.348216112868307846e+03
1.353642637108562440e+03
1.359080015472737841e+03
1.364528247999212454e+03
1.369987334704911973e+03
1.375457275621290364e+03
1.380938070756538536e+03
1.386429720151899119e+03
1.391932223829647000e+03
1.397445581803304322e+03
1.402969794108899578e+03
1.408504860769046218e+03
1.414050781797341415e+03
1.419607557228705673e+03
1.425175187085740845e+03
1.430753671381338791e+03
1.436343010150009604e+03
1.441943203417513587e+03
1.447554251185551720e+03
1.453176153497835912e+03
1.458808910371337106e+03
1.464452521849127834e+03
1.470106987892469533e+03
1.475772308565935646e+03
1.481448483904473733e+03
1.487135513900628212e+03
1.492833398594739037e+03
1.498542138004328535e+03
1.504261732168569779e+03
1.509992181047454551e+03
1.515733484706165200e+03
1.521485643177674547e+03
1.527248656459043104e+03
1.533022524590873672e+03
1.538807247559784173e+03
1.544602825421475018e+03
1.550409258174992601e+03
1.556226545859462931e+03
1.562054688460154239e+03
1.567893686034523853e+03
1.573743538578042717e+03
1.579604246131198579e+03
1.585475808676532779e+03
1.591358226272168395e+03
1.597251498928130786e+03
1.603155626633059683e+03
1.609070609453485531e+03
1.614996447361075070e+03
1.620933140414905210e+03
1.626880688622422213e+03
1.632839091957861456e+03
1.638808350499060907e+03
1.644788464238434472e+03
1.650779433199814321e+03
1.656781257424107935e+03
1.662793936837667843e+03
1.668817471557390263e+03
1.674851861562419117e+03
1.680897106877642273e+03
1.686953207514967062e+03
1.693020163485117791e+03
1.699097974813216069e+03
1.705186641528236350e+03
1.711286163609307778e+03
1.717396541109238797e+03
1.723517774037152321e+03
1.729649862405103249e+03
1.735792806208672573e+03
1.741946605494488040e+03
1.748111260281143814e+03
1.754286770546348180e+03
1.760473136342359567e+03
1.766670357675958030e+03
1.772878434558721892e+03
1.779097367014094061e+03
1.785327155030422546e+03
1.791567798651560679e+03
1.797819297901388836e+03
1.804081652760351972e+03
1.810354863250759081e+03
1.816638929408932654e+03
1.822933851239118667e+03
1.829239628757063429e+03
1.835556261979886585e+03
1.841883750905325769e+03
1.848222095574179320e+03
1.854571295994323464e+03
1.860931352125361400e+03
1.867302264056190324e+03
1.873684031774176219e+03
1.880076655307264218e+03
1.886480134637168476e+03
1.892894469794669476e+03
1.899319660782174651e+03
1.905755707635586305e+03
1.912202610357252979e+03
1.918660368960567439e+03
1.925128983458816720e+03
1.931608453865208730e+03
1.938098780192872709e+03
1.944599962454858087e+03
1.951112000664121524e+03
1.957634894833541011e+03
1.964168644975933830e+03
1.970713251104031087e+03
1.977268713230482263e+03
1.983835031367877264e+03
1.990412205528740287e+03
1.997000235725502762e+03
2.003599121970554506e+03
2.010208864276181885e+03
2.016829462654641020e+03
2.023460917118091857e+03
2.030103227678621579e+03
2.036756394348245976e+03
2.043420417138919674e+03
2.050095296062528178e+03
2.056781031130853535e+03
2.063477622355640960e+03
2.070185069760647366e+03
2.076903373333219406e+03
2.083632533096965290e+03
2.090372549044065636e+03
2.097123421222412617e+03
2.103885149626981729e+03
2.110657734293113663e+03
2.117441175161544834e+03
2.124235472298730201e+03
2.131040625715020269e+03
2.137856635403756172e+03
2.144683501386863554e+03
2.151521223673801160e+03
2.158369802274615722e+03
2.165229237212538465e+03
2.172099528472702787e+03
2.178980676056289667e+03
2.185872680054045759e+03
2.192775540344876390e+03
2.199689257041308792e+03
2.206613830117538328e+03
2.213549259595868989e+03
2.220495545483611750e+03
2.227452687803051049e+03
2.234420686517347349e+03
2.241399541686790144e+03
2.248389253308240313e+03
2.255389821375227712e+03
2.262401245904292409e+03
2.269423526916968967e+03
2.276456664432067555e+03
2.283500658410421693e+03
2.290555508949721570e+03
2.297621215928377296e+03
2.304697779463453571e+03
2.311785199533197101e+03
2.318883476164699459e+03
2.325992609316384460e+03
2.333112599076740935e+03
2.340243445352856270e+03
2.347385148224345357e+03
2.354537707693997163e+03
2.361701123780495891e+03
2.368875396438404096e+03
2.376060525730715653e+03
2.383256511641423003e+03
2.390463354191589133e+03
2.397681053404362956e+03
2.404909609265029758e+03
2.412149021741457545e+03
2.419399290904205372e+03
2.426660416772439930e+03
2.433932399293479648e+03
2.441215238530489387e+03
2.448508934458321619e+03
2.455813487105187050e+03
2.463128896470504515e+03
2.470455162576454768e+03
2.477792285395278213e+03
2.485140264970711087e+03
2.492499101298593814e+03
2.499868794396661997e+03
2.507249344245715292e+03
2.514640750883376768e+03
2.522043014303887048e+03
2.529456134522705725e+03
2.536880111530697832e+03
2.544314945375805564e+03
2.551760636027786404e+03
2.559217183464288610e+03
2.566684587761262719e+03
2.574162848899557957e+03
2.581651966892751716e+03
2.589151941724484459e+03
2.596662773452418605e+03
2.604184462012503445e+03
2.611717007455567455e+03
2.619260409815081857e+03
2.626814669045835217e+03
2.634379785155912487e+03
2.641955758214643993e+03
2.649542588175695073e+03
2.657140275023929007e+03
2.664748818849006511e+03
2.672368219594831316e+03
2.679998477255369380e+03
2.687639591913136883e+03
2.695291563498384221e+03
2.702954392043538519e+03
2.710628077599172684e+03
2.718312620090018754e+03
2.726008019579165648e+03
2.733714276068718846e+03
2.741431389559687432e+03
2.749159360050263331e+03
2.756898187588546079e+03
2.764647872080095567e+03
2.772408413657647088e+03
2.780179812226223476e+03
2.787962067845439833e+03
2.795755180521177863e+03
2.803559150241889711e+03
2.811373977049964196e+03
2.819199660883417437e+03
2.827036201800159688e+03
2.834883599844638866e+03
2.842741854886845886e+03
2.850610967066779267e+03
2.858490936348030118e+03
2.866381762743178115e+03
2.874283446221492341e+03
2.882195986820844610e+03
2.890119384599777277e+03
2.898053639409513380e+03
2.905998751405957137e+03
2.913954720541614279e+03
2.921921546848700018e+03
2.929899230268895280e+03
2.937887770877259754e+03
2.945887168622949048e+03
2.953897423551144584e+03
2.961918535672236885e+03
2.969950504951780658e+03
2.977993331462448168e+03
2.986047015108820233e+03
2.994111556030595693e+03
3.002186954068440627e+03
3.010273209421994125e+03
3.018370321876410344e+03
3.026478291702832394e+03
3.034597118578125446e+03
3.042726802866481194e+03
3.050867344218650942e+03
3.059018742955612197e+03
3.067180998842698955e+03
3.075354112072849148e+03
3.083538082494673290e+03
3.091732910237220494e+03
3.099938595218621231e+03
3.108155137500962155e+03
3.116382537076222434e+03
3.124620793920141750e+03
3.132869908074449086e+03
3.141129879496899321e+03
3.149400708244560519e+03
3.157682394303015826e+03
3.165974937684143697e+03
3.174278338376028387e+03
3.182592596416322976e+03
3.190917711756480458e+03
3.199253684456139126e+03
3.207600514503820250e+03
3.215958201853761238e+03
3.224326746587772959e+03
3.232706148669423328e+03
3.241096408126220922e+03
3.249497524955907920e+03
3.257909499119390148e+03
3.266332330680945233e+03
3.274766019620720726e+03
3.283210565960700023e+03
3.291665969695434342e+03
3.300132230786593027e+03
3.308609349306098920e+03
3.317097325223559437e+03
3.325596158565252608e+03
3.334105849331198897e+03
3.342626397465096034e+03
3.351157803073880586e+03
3.359700066099891956e+03
3.368253186526593254e+03
3.376817164468983719e+03
3.385391999752125230e+03
3.393977692532741912e+03
3.402574242765193958e+03
3.411181650450269444e+03
3.419799915603677164e+03
3.428429038215237142e+03
3.437069018296702779e+03
3.445719855859264499e+03
3.454381550894336669e+03
3.463054103411811411e+03
3.471737513419444895e+03
3.480431780974688081e+03
3.489136905934990409e+03
3.497852888405273916e+03
3.506579728427798727e+03
3.515317425943784656e+03
3.524065980935535208e+03
3.532825393484888536e+03
3.541595663539485486e+03
3.550376791126281660e+03
3.559168776244336641e+03
3.567971618931982903e+03
3.576785319113051173e+03
3.585609876815093230e+03
3.594445292109372076e+03
3.603291564929483684e+03
3.612148695335022694e+03
3.621016683251223185e+03
3.629895528766494863e+03
3.638785231834345723e+03
3.647685792478803705e+03
3.656597210691791133e+03
3.665519486499829327e+03
3.674452619874136872e+03
3.683396610863271235e+03
3.692351459391324170e+03
3.701317165552490223e+03
3.710293729337140576e+03
3.719281150677215010e+03
3.728279429602083383e+03
3.737288566167668250e+03
3.746308560355986629e+03
3.755339412150916360e+03
3.764381121594593878e+03
3.773433688607426120e+03
3.782497113279498990e+03
3.791571395590936390e+03
3.800656535528938548e+03
3.809752533134869282e+03
3.818859388326052340e+03
3.827977101192740520e+03
3.837105671723405067e+03
3.846245099910175668e+03
3.855395385721718412e+03
3.864556529241939643e+03
3.873728530369621694e+03
3.882911389193604009e+03
3.892105105700148670e+03
3.901309679878112092e+03
3.910525111723034570e+03
3.919751401287210228e+03
3.928988548476133928e+03
3.938236553380140776e+03
3.947495415981431051e+03
3.956765136287074711e+03
3.966045714286190105e+03
3.975337150027410189e+03
3.984639443387841311e+03
3.993952594535587195e+03
4.003276603335164509e+03
4.012611469876247611e+03
4.021957194139826242e+03
4.031313776129642065e+03
4.040681215853019239e+03
4.050059513295543184e+03
4.059448668491917942e+03
4.068848681494929224e+03
4.078259552030000123e+03
4.087681280458285073e+03
4.097113866592823797e+03
4.106557310453478749e+03
4.116011612090857852e+03
4.125476771484620258e+03
4.134952788639942810e+03
4.144439663560011468e+03
4.153937396246878052e+03
4.163445986692216138e+03
4.172965434909436226e+03
4.182495740911321263e+03
4.192036904699435581e+03
4.201588926269085277e+03
4.211151805663080268e+03
4.220725542662330554e+03
4.230310137567225865e+03
4.239905590264338571e+03
4.249511900757208423e+03
4.259129069048624842e+03
4.268757095140800629e+03
4.278395979074221941e+03
4.288045720776322923e+03
4.297706320288405550e+03
4.307377777613290164e+03
4.317060092753980825e+03
4.326753265713292421e+03
4.336457296494139882e+03
4.346172185060777338e+03
4.355897931491953386e+03
4.365634535752856209e+03
4.375381997846899139e+03
4.385140317777357268e+03
4.394909495546313337e+03
4.404689531275432273e+03
4.414480424661914185e+03
4.424282175938808905e+03
4.434094785066980876e+03
4.443918252057946120e+03
4.453752576917424449e+03
4.463597759627425148e+03
4.473453800192819472e+03
4.483320698624126635e+03
4.493198454923877762e+03
4.503087069093413447e+03
4.512986541135415791e+03
4.522896871052553252e+03
4.532818058873463997e+03
4.542750104548409581e+03
4.552693008061869477e+03
4.562646769501400740e+03
4.572611388854737015e+03
4.582586866036134779e+03
4.592573201140708079e+03
4.602570394126898464e+03
4.612578445018783896e+03
4.622597353814177950e+03
4.632627120515124261e+03
4.642667745150000883e+03
4.652719227621046230e+03
4.662781568087556479e+03
4.672854766372765880e+03
4.682938822613167758e+03
4.693033736766026777e+03
4.703139508847500110e+03
4.713256138883654785e+03
4.723383626820876088e+03
4.733521972761567667e+03
4.743671176423641555e+03
4.753831238133039733e+03
4.764002157773388717e+03
4.774183935361721524e+03
4.784376570923236613e+03
4.794580064354148817e+03
4.804794415774807021e+03
4.815019625119154625e+03
4.825255692412805729e+03
4.835502617671490952e+03
4.845760400918882624e+03
4.856029042105804365e+03
