1.199999999999965716e+01
1.202149819705740263e+01
1.204389709181152668e+01
1.206721139739235049e+01
1.209145632460313813e+01
1.211664759958134141e+01
1.214280148216616340e+01
1.216993478502798176e+01
1.219806489358720825e+01
1.222720978675817527e+01
1.225738805855437086e+01
1.228861894058849735e+01
1.232092232554725442e+01
1.235431879160708668e+01
1.238882962792863296e+01
1.242447686119469807e+01
1.246128328330273938e+01
1.249927248022584969e+01
1.253846886208688893e+01
1.257889769456801510e+01
1.262058513161695750e+01
1.266355824960459309e+01
1.270784508288465453e+01
1.275347466096625126e+01
1.280047704720072765e+01
1.284888337922309454e+01
1.289872591102957422e+01
1.295003805696550359e+01
1.300285443751358727e+01
1.305721092709857878e+01
1.311314470389618947e+01
1.317069430177681966e+01
1.322989966445027044e+01
1.329080220186897776e+01
1.335344484901080797e+01
1.341787212709249921e+01
1.348413020736264833e+01
1.355226697732325292e+01
1.362233210987927734e+01
1.369437713503382525e+01
1.376845551451032712e+01
1.384462271922260967e+01
1.392293630960378259e+01
1.400345601908092696e+01
1.408624384054160750e+01
1.417136411556134590e+01
1.425888362705342338e+01
1.434887169473369894e+01
1.444140027356325007e+01
1.453654405523327675e+01
1.463438057229825517e+01
1.473499030510054730e+01
1.483845679124340222e+01
1.494486673722780345e+01
1.505431013206375113e+01
1.516688036274882023e+01
1.528267433070167236e+01
1.540179256884027126e+01
1.552433935926083919e+01
1.565042284970741449e+01
1.578015516892052084e+01
1.591365253949455294e+01
1.605103538720116063e+01
1.619242844547307314e+01
1.633796085360712880e+01
1.648776624693759629e+01
1.664198283719613514e+01
1.680075348039812155e+01
1.696422573204098327e+01
1.713255188258766282e+01
1.730588897331424292e+01
1.748439879251343854e+01
1.766824783752362293e+01
1.785760725506564839e+01
1.805265273883626875e+01
1.825356438623326127e+01
1.846052652332067368e+01
1.867372746313687415e+01
1.889335922216331554e+01
1.911961716898172625e+01
1.935269961178078901e+01
1.959280731308851031e+01
1.984014292882686448e+01
2.009491036803132502e+01
2.035731406686100087e+01
2.062755817932325186e+01
2.090584567700772212e+01
2.119237735817847224e+01
2.148735077469181221e+01
2.179095907374172825e+01
2.210338977067006994e+01
2.242482344268531946e+01
2.275543237930252971e+01
2.309537919954469132e+01
2.344481543978565341e+01
2.380388015727433526e+01
2.417269856381047077e+01
2.455138071859389370e+01
2.494002031240438555e+01
2.533869358284930939e+01
2.574745837305309948e+01
2.616635339848977182e+01
2.659539770639843326e+01
2.703459039389928265e+01
2.748391058358016181e+01
2.794331766192815891e+01
2.841275181337025302e+01
2.889213481125333516e+01
2.938137108361742733e+01
2.988034901578661362e+01
3.038894246574839997e+01
3.090701245941991360e+01
3.143440901804082444e+01
3.197097308131274218e+01
3.251653847354049987e+01
3.307093386576753602e+01
3.363398470534064444e+01
3.420551504189488412e+01
3.478534925517894294e+01
3.537331362013999581e+01
3.596923771420843963e+01
3.657295563428905183e+01
3.718430703359615563e+01
3.780313795654925002e+01
3.842930149461546563e+01
3.906265827041054450e+01
3.970307674153361432e+01
4.035043338086803288e+01
4.100461269170160961e+01
4.166550715157102758e+01
4.233301703088623924e+01
4.300705014428261563e+01
4.368752154286825373e+01
4.437435316370680027e+01
4.506747345304508201e+01
4.576681695118634963e+01
4.647232388607579168e+01
4.718393977314905641e+01
4.790161499595267003e+01
4.862530442281988741e+01
4.935496703014309361e+01
5.009056554554799590e+01
5.083206611414675535e+01
5.157943798180684070e+01
5.233265321419617777e+01
5.309168642137360195e+01
5.385651451543396462e+01
5.462711649272393544e+01
5.540347322061324320e+01
5.618556726149286362e+01
5.697338270756252143e+01
5.776690502167466690e+01
5.856612091206467596e+01
5.937101820986196543e+01
6.018158575243658959e+01
6.099781329713354694e+01
6.181969143164450031e+01
6.264721148042362842e+01
6.348036546554862980e+01
6.431914601930600384e+01
6.516354632701850846e+01
6.601356010110301042e+01
6.686918151112286068e+01
6.773040515293676833e+01
6.859722601145162457e+01
6.946963943349028625e+01
7.034764109002703947e+01
7.123122695108904168e+01
7.212039326085705682e+01
7.301513652760128537e+01
7.391545348812000782e+01
7.482134109650574771e+01
7.573279651122339828e+01
7.664981706177857745e+01
7.757240027237033075e+01
7.850054381372267187e+01
7.943424550663749528e+01
8.037350330982290814e+01
8.131831531031907900e+01
8.226867971556080761e+01
8.322459484170705935e+01
8.418605911416952381e+01
8.515307105138644772e+01
8.612562926210954117e+01
8.710373244263844583e+01
8.808737936785298928e+01
8.907656888230926029e+01
9.007129990889640681e+01
9.107157143034964975e+01
9.207738248922528612e+01
9.308873219194570936e+01
9.410561969172854901e+01
9.512804419612916718e+01
9.615600496182845802e+01
9.718950128684097933e+01
9.822853251697632970e+01
9.927309803361879403e+01
1.003231972507207814e+02
1.013788296289511095e+02
1.024399946550101674e+02
1.035066918508601219e+02
1.045789207682227442e+02
1.056566809718536746e+02
1.067399720774281775e+02
1.078287937115124322e+02
1.089231455248954603e+02
1.100230271954209940e+02
1.111284384165766852e+02
1.122393789019276653e+02
1.133558483891836914e+02
1.144778466300594886e+02
1.156053733958986243e+02
1.167384284727107087e+02
1.178770116524666918e+02
1.190211227572364265e+02
1.201707616139545109e+02
1.213259280660878261e+02
1.224866219697160972e+02
1.236528431756203616e+02
1.248245915697051487e+02
1.260018670411694330e+02
1.271846694846009171e+02
1.283729987980539420e+02
1.295668549011575408e+02
1.307662377190517873e+02
1.319711471803022107e+02
1.331815832181678161e+02
1.343975457817889207e+02
1.356190348256125162e+02
1.368460503064266902e+02
1.380785921833548002e+02
1.393166604323144782e+02
1.405602550313228392e+02
1.418093759522210746e+02
1.430640231874134258e+02
1.443241967305807805e+02
1.455898965662842954e+02
1.468611227013149971e+02
1.481378751406788297e+02
1.494201538810343948e+02
1.507079589440814686e+02
1.520012903385210450e+02
1.533001480783266572e+02
1.546045321959020953e+02
1.559144426932455758e+02
1.572298796122470605e+02
1.585508429798188672e+02
1.598773328175998643e+02
1.612093491756036769e+02
1.625468920630981131e+02
1.638899615373921677e+02
1.652385576341635272e+02
1.665926803873941822e+02
1.679523298511600444e+02
1.693175060539949186e+02
1.706882090556079277e+02
1.720644388969592455e+02
1.734461956260312263e+02
1.748334792965470115e+02
1.762262899523761348e+02
1.776246276554925032e+02
1.790284924474775892e+02
1.804378843961940220e+02
1.818528035393750315e+02
1.832732499545314511e+02
1.846992236721597465e+02
1.861307247699440097e+02
1.875677532989395502e+02
1.890103093180866551e+02
1.904583928876030825e+02
1.919120040652332477e+02
1.933711429139996483e+02
1.948358094913084813e+02
1.963060038618458520e+02
1.977817260834421802e+02
1.992629762214064328e+02
2.007497543347446936e+02
2.022420604883156727e+02
2.037398947431474596e+02
2.052432571624664490e+02
2.067521478166941336e+02
2.082665667456247149e+02
2.097865140425342929e+02
2.113119897459603465e+02
2.128429939387044385e+02
2.143795266695608746e+02
2.159215880143906361e+02
2.174691780244238828e+02
2.190222967737544195e+02
2.205809443187091006e+02
2.221451207263974368e+02
2.237148260662796417e+02
2.252900603778135178e+02
2.268708237532192129e+02
2.284571162369942385e+02
2.300489379040192546e+02
2.316462888073367026e+02
2.332491690157674498e+02
2.348575785954940045e+02
2.364715175888176191e+02
2.380909860819147355e+02
2.397159841248952716e+02
2.413465117839612049e+02
2.429825691255506683e+02
2.446241561851479105e+02
2.462712730547513047e+02
2.479239197810930477e+02
2.495820964289444817e+02
2.512458030607121486e+02
2.529150397204972194e+02
2.545898064906363061e+02
2.562701034153765818e+02
2.579559305623398586e+02
2.596472879874970658e+02
2.613441757469391291e+02
2.630465939055984563e+02
2.647545425209984273e+02
2.664680216379662170e+02
2.681870313331318130e+02
2.699115716514680230e+02
2.716416426564510971e+02
2.733772444007998388e+02
2.751183769433175144e+02
2.768650403398563640e+02
2.786172346451175486e+02
2.803749599154326120e+02
2.821382162069959918e+02
2.839070035726951460e+02
2.856813220680600693e+02
2.874611717498001440e+02
2.892465526670642930e+02
2.910374648782487839e+02
2.928339084326740362e+02
2.946358833897825207e+02
2.964433898034969843e+02
2.982564277004173618e+02
3.000749971668966509e+02
3.018990982419185798e+02
3.037287309665168777e+02
3.055638954079464042e+02
3.074045916077581069e+02
3.092508196194510219e+02
3.111025794911464004e+02
3.129598712780057213e+02
3.148226950269178701e+02
3.166910507754760715e+02
3.185649385904312680e+02
3.204443585095112894e+02
3.223293105882191298e+02
3.242197948655167465e+02
3.261158113987610818e+02
3.280173602277275791e+02
3.299244414027886592e+02
3.318370549683477861e+02
3.337552009764993954e+02
3.356788794665635010e+02
3.376080904869582469e+02
3.395428340819952950e+02
3.414831103019705552e+02
3.434289191843125195e+02
3.453802607796783377e+02
3.473371351258168716e+02
3.492995422749541490e+02
3.512674822618938038e+02
3.532409551445106217e+02
3.552199609416769022e+02
3.572044997155178976e+02
3.591945715069331868e+02
3.611901763509771399e+02
3.631913142948051245e+02
3.651979853747861853e+02
3.672101896398732492e+02
3.692279271254058699e+02
3.712511978728794020e+02
3.732800019232832938e+02
3.753143393152779481e+02
3.773542100944357003e+02
3.793996142946794521e+02
3.814505519554443254e+02
3.835070231287619436e+02
3.855690278217646778e+02
3.876365661026137559e+02
3.897096380039078554e+02
3.917882435545470798e+02
3.938723828053948068e+02
3.959620557803860379e+02
3.980572625222048941e+02
4.001580030693625645e+02
4.022642774607951424e+02
4.043760857238033850e+02
4.064934279070411662e+02
4.086163040459023819e+02
4.107447141492733067e+02
4.128786582841040058e+02
4.150181364778610487e+02
4.171631487599494790e+02
4.193136951642192685e+02
4.214697757351666496e+02
4.236313905041981798e+02
4.257985394846517124e+02
4.279712227359667054e+02
4.301494402827136128e+02
4.323331921612023621e+02
4.345224783991246227e+02
4.367172990278864972e+02
4.389176540902178658e+02
4.411235436152588818e+02
4.433349676187700652e+02
4.455519261517373479e+02
4.477744192397651659e+02
4.500024469153511291e+02
4.522360092116983878e+02
4.544751061544127424e+02
4.567197377726488412e+02
4.589699041065455845e+02
4.612256051827897636e+02
4.634868410329909807e+02
4.657536116848319807e+02
4.680259171464386441e+02
4.703037574823231353e+02
4.725871327068629171e+02
4.748760428507087568e+02
4.771704879455318746e+02
4.794704680133668830e+02
4.817759830863067236e+02
4.840870331926871586e+02
4.864036183606692134e+02
4.887257386131342400e+02
4.910533939880143635e+02
4.933865845081814996e+02
4.957253102010398038e+02
4.980695710942422352e+02
5.004193672132075221e+02
5.027746985851802606e+02
5.051355652252124173e+02
5.075019671790889220e+02
5.098739044656825854e+02
5.122513771110080825e+02
5.146343851426192941e+02
5.170229285829847186e+02
5.194170074591510229e+02
5.218166217965075475e+02
5.242217716203032296e+02
5.266324569555760036e+02
5.290486778271538242e+02
5.314704342597234472e+02
5.338977262778249724e+02
5.363305539058211480e+02
5.387689171679144238e+02
5.412128160881527492e+02
5.436622506904063812e+02
5.461172209984048322e+02
5.485777270356985582e+02
5.510437688256964748e+02
5.535153463916473129e+02
5.559924597566481452e+02
5.584751089436450684e+02
5.609632939754881136e+02
5.634570148747436633e+02
5.659562716638978372e+02
5.684610643635384122e+02
5.709713929993338297e+02
5.734872575914132540e+02
5.760086581600974114e+02
5.785355947309592466e+02
5.810680673237192195e+02
5.836060759712260051e+02
5.861496206642910920e+02
5.886987014445745672e+02
5.912533183310092681e+02
5.938134713460245848e+02
5.963791605103543816e+02
5.989503858438711177e+02
6.015271473730928165e+02
6.041094451059245785e+02
6.066972790687577799e+02
6.092906492816636046e+02
6.118895557603684665e+02
6.144939985324855343e+02
6.171039776144752977e+02
6.197194930241889779e+02
6.223405448003005631e+02
6.249671329165233828e+02
6.275992574211018109e+02
6.302369183351031552e+02
6.328801156757015178e+02
6.355288494670279533e+02
6.381831197145811529e+02
6.408429264392394771e+02
6.435082696667521986e+02
6.461791494107051221e+02
6.488555656945932242e+02
6.515375185352272638e+02
6.542250079315563198e+02
6.569180339228215644e+02
6.596165965301495362e+02
6.623206957566175106e+02
6.650303316218346481e+02
6.677455041511657328e+02
6.704662133578245857e+02
6.731924592672249901e+02
6.759242418673784414e+02
6.786615612025676683e+02
6.814044172922815505e+02
6.841528101382251634e+02
6.869067397583654611e+02
6.896662061778904445e+02
6.924312094190257767e+02
6.952017494648511047e+02
6.979778263628422792e+02
7.007594401305799465e+02
7.035465907641118974e+02
7.063392782923890536e+02
7.091375027467106520e+02
7.119412640923827666e+02
7.147505623863547726e+02
7.175653976462690480e+02
7.203857698659612652e+02
7.232116790745747039e+02
7.260431252967260889e+02
7.288801085079689983e+02
7.317226287676186303e+02
7.345706860686275377e+02
7.374242804263976723e+02
7.402834118842447424e+02
7.431480803899784178e+02
7.460182860155289291e+02
7.488940287723843312e+02
7.517753086516796657e+02
7.546621257033815482e+02
7.575544798743461570e+02
7.604523712380657798e+02
7.633557998041933388e+02
7.662647655607082697e+02
7.691792685548214195e+02
7.720993087511445765e+02
7.750248862136359094e+02
7.779560009255493469e+02
7.808926529172455275e+02
7.838348421891197404e+02
7.867825687651705948e+02
7.897358326468657879e+02
7.926946338596482065e+02
7.956589724143674403e+02
7.986288483085189682e+02
8.016042615844872898e+02
8.045852122254570986e+02
8.075717002672674880e+02
8.105637256974245020e+02
8.135612885616944823e+02
8.165643888421661813e+02
8.195730265700589143e+02
8.225872017502307472e+02
8.256069143910725643e+02
8.286321645186228579e+02
8.316629521278561015e+02
8.346992772492790209e+02
8.377411398771178028e+02
8.407885400487365359e+02
8.438414777277816938e+02
8.468999529833504312e+02
8.499639657896918834e+02
8.530335161717375740e+02
8.561086041447952084e+02
8.591892297077971534e+02
8.622753928928873393e+02
8.653670936735431951e+02
8.684643321045410858e+02
8.715671081955649697e+02
8.746754218956364184e+02
8.777892732927673478e+02
8.809086623559775262e+02
8.840335891057981144e+02
8.871640535632059255e+02
8.903000557199852665e+02
8.934415956017588769e+02
8.965886732181478465e+02
8.997412885671604954e+02
9.028994416764165862e+02
9.060631325489155188e+02
9.092323611869676370e+02
9.124071276166557709e+02
9.155874318419270139e+02
9.187732738642373533e+02
9.219646537061737490e+02
9.251615713788128232e+02
9.283640268792343022e+02
9.315720202241159313e+02
9.347855514365044201e+02
9.380046205299929625e+02
9.412292274445172779e+02
9.444593722807485392e+02
9.476950550225259349e+02
9.509362756464894346e+02
9.541830341912593667e+02
9.574353306648076796e+02
9.606931650755196870e+02
9.639565374253793379e+02
9.672254477234818069e+02
9.704998959950378321e+02
9.737798822470355162e+02
9.770654064619985775e+02
9.803564686699839967e+02
9.836530688815158783e+02
9.869552071125073098e+02
9.902628833645048871e+02
9.935760976218416545e+02
9.968948499222883584e+02
1.000219140272289451e+03
1.003548968681025144e+03
1.006884335163399442e+03
1.010225239698480436e+03
1.013571682319544720e+03
1.016923663027052157e+03
1.020281181844216803e+03
1.023644238765512227e+03
1.027012833805091759e+03
1.030386966978367127e+03
1.033766638258398871e+03
1.037151847689646502e+03
1.040542595268916557e+03
1.043938881017218591e+03
1.047340704925750742e+03
1.050748067017614403e+03
1.054160967288273241e+03
1.057579405743575990e+03
1.061003382419236004e+03
1.064432897268497527e+03
1.067867950347913165e+03
1.071308541645968262e+03
1.074754671186871519e+03
1.078206338961467509e+03
1.081663544990374021e+03
1.085126289267531547e+03
1.088594571812149070e+03
1.092068392626644936e+03
1.095547751724594946e+03
1.099032649101269044e+03
1.102523084774725248e+03
1.106019058751368220e+03
1.109520571030956489e+03
1.113027621637200127e+03
1.116540210553494262e+03
1.120058337817696611e+03
1.123582003401916836e+03
1.127111207351792700e+03
1.130645949635176521e+03
1.134186230298181044e+03
1.137732049311651963e+03
1.141283406714904004e+03
1.144840302489134046e+03
1.148402736659963239e+03
1.151970709224827260e+03
1.155544220191313798e+03
1.159123269567821353e+03
1.162707857365458494e+03
1.166297983588367060e+03
1.169893648238982223e+03
1.173494851335283784e+03
1.177101592866515148e+03
1.180713872860413176e+03
1.184331691302729951e+03
1.187955048227470797e+03
1.191583943613458587e+03
1.195218377492571108e+03
1.198858349828396740e+03
1.202503860668941570e+03
1.206154910004342355e+03
1.209811497846755628e+03
1.213473624203829331e+03
1.217141289075521399e+03
1.220814492485870232e+03
1.224493234416766427e+03
1.228177514892242243e+03
1.231867333896557284e+03
1.235562691447774796e+03
1.239263587562897101e+03
1.242970022238560659e+03
1.246681995529414735e+03
1.250399507319868462e+03
1.254122557721133035e+03
1.257851146705824249e+03
1.261585274282150522e+03
1.265324940472012713e+03
1.269070145260400750e+03
1.272820888659042339e+03
1.276577170665164886e+03
1.280338991295677260e+03
1.284106350570942823e+03
1.287879248471836945e+03
1.291657685008498220e+03
1.295441660192212112e+03
1.299231174022190544e+03
1.303026226527208564e+03
1.306826817688995789e+03
1.310632947512273859e+03
1.314444616008921003e+03
1.318261823187933942e+03
1.322084569079702987e+03
1.325912853623241062e+03
1.329746676873573278e+03
1.333586038869021877e+03
1.337430939513721796e+03
1.341281378882272293e+03
1.345137356990214357e+03
1.348998873816515925e+03
1.352865929360593782e+03
1.356738523652421918e+03
1.360616656686301667e+03
1.364500328452886151e+03
1.368389538979090958e+03
1.372284288266613885e+03
1.376184576301587185e+03
1.380090403112196327e+03
1.384001768699026798e+03
1.387918673047601942e+03
1.391841116192231084e+03
1.395769098123262665e+03
1.399702618830358688e+03
1.403641678395338431e+03
1.407586276677150863e+03
1.411536413787568335e+03
1.415492089755493453e+03
1.419453304486532488e+03
1.423420058055005939e+03
1.427392350472994394e+03
1.431370181699318891e+03
1.435353551780352745e+03
1.439342460683513536e+03
1.443336908491928853e+03
1.447336895057705306e+03
1.451342420516839184e+03
1.455353484861505422e+03
1.459370088041855297e+03
1.463392230113921187e+03
1.467419911039001590e+03
1.471453130888252417e+03
1.475491889561665857e+03
1.479536187156685628e+03
1.483586023630519549e+03
1.487641399019174969e+03
1.491702313293939824e+03
1.495768766474381209e+03
1.499840758582936587e+03
1.503918289603421499e+03
1.508001359533857112e+03
1.512089968385892234e+03
1.516184116183100514e+03
1.520283802913823138e+03
1.524389028566937213e+03
1.528499793176041521e+03
1.532616096714509467e+03
1.536737939246086398e+03
1.540865320667724973e+03
1.544998241094120658e+03
1.549136700457044526e+03
1.553280698818954988e+03
1.557430236129036302e+03
1.561585312420393393e+03
1.565745927701197161e+03
1.569912081948154992e+03
1.574083775223728253e+03
1.578261007437045237e+03
1.582443778684636527e+03
1.586632088904220382e+03
1.590825938151807350e+03
1.595025326432873271e+03
1.599230253669324611e+03
1.603440719961895184e+03
1.607656725261679185e+03
1.611878269576023058e+03
1.616105352950286488e+03
1.620337975331256530e+03
1.624576136753259334e+03
1.628819837226818890e+03
1.633069076721087413e+03
1.637323855286546177e+03
1.641584172924504855e+03
1.645850029568834543e+03
1.650121425295182235e+03
1.654398360093488009e+03
1.658680833934736938e+03
1.662968846868819355e+03
1.667262398891241219e+03
1.671561489966610679e+03
1.675866120119282868e+03
1.680176289385254222e+03
1.684491997723461736e+03
1.688813245141178413e+03
1.693140031677600291e+03
1.697472357327197642e+03
1.701810222102414627e+03
1.706153625886345708e+03
1.710502568844332927e+03
1.714857050921670861e+03
1.719217072091340924e+03
1.723582632402554054e+03
1.727953731843668265e+03
1.732330370424394914e+03
1.736712548146726476e+03
1.741100264936160329e+03
1.745493520908896926e+03
1.749892316032054850e+03
1.754296650289964873e+03
1.758706523681524686e+03
1.763121936245135203e+03
1.767542887967753813e+03
1.771969378854391152e+03
1.776401408914083277e+03
1.780838978141877305e+03
1.785282086478308202e+03
1.789730734021723492e+03
1.794184920753299366e+03
1.798644646668888981e+03
1.803109911755530220e+03
1.807580716029037831e+03
1.812057059474444031e+03
1.816538942131153135e+03
1.821026363984686213e+03
1.825519325038451598e+03
1.830017825295982220e+03
1.834521864763210942e+03
1.839031443443155240e+03
1.843546561330239001e+03
1.848067218391894357e+03
1.852593414694712919e+03
1.857125150219713987e+03
1.861662424969398671e+03
1.866205238955462619e+03
1.870753592164295696e+03
1.875307484606267280e+03
1.879866916295569126e+03
1.884431887211847425e+03
1.889002397370180006e+03
1.893578446773555243e+03
1.898160035424899888e+03
1.902747163327151384e+03
1.907339830483234437e+03
1.911938036896040785e+03
1.916541782568487633e+03
1.921151067503449667e+03
1.925765891684570079e+03
1.930386255153106731e+03
1.935012157892778987e+03
1.939643599906436521e+03
1.944280581196926278e+03
1.948923101767078379e+03
1.953571161619727263e+03
1.958224760757683271e+03
1.962883899203269721e+03
1.967548576920246887e+03
1.972218793930935135e+03
1.976894550238108195e+03
1.981575845844560263e+03
1.986262680753038467e+03
1.990955054966318812e+03
1.995652968487126827e+03
2.000356421318204866e+03
2.005065413449543030e+03
2.009779944908281095e+03
2.014500015685414610e+03
2.019225625775292656e+03
2.023956775199298818e+03
2.028693463950441128e+03
2.033435692031834151e+03
2.038183459475055088e+03
2.042936766205177037e+03
2.047695612264455804e+03
2.052459997668759115e+03
2.057229922419528066e+03
2.062005386517003444e+03
2.066786389962956491e+03
2.071572932759685045e+03
2.076365014930107918e+03
2.081162636435096374e+03
2.085965797298067628e+03
2.090774497507426076e+03
2.095588737082453008e+03
2.100408516036369292e+03
2.105233834406568349e+03
2.110064692064163410e+03
2.114901089094533745e+03
2.119743025511490032e+03
2.124590501311194203e+03
2.129443516493396601e+03
2.134302071080530823e+03
2.139166165032237586e+03
2.144035798357007479e+03
2.148910971077536942e+03
2.153791683206571179e+03
2.158677934730506422e+03
2.163569725609316265e+03
2.168467055902105130e+03
2.173369925601385148e+03
2.178278334728718164e+03
2.183192283242341091e+03
2.188111771139612756e+03
2.193036798480553898e+03
2.197967365241534935e+03
2.202903471365028054e+03
2.207845116924960166e+03
2.212792301933169711e+03
2.217745026344441612e+03
2.222703290166391980e+03
2.227667093427118289e+03
2.232636436137455348e+03
2.237611318220527664e+03
2.242591739758646781e+03
2.247577700761683900e+03
2.252569201169657390e+03
2.257566241023224393e+03
2.262568820364801923e+03
2.267576939064092585e+03
2.272590597237054681e+03
2.277609794890902322e+03
2.282634531962855817e+03
2.287664808496134356e+03
2.292700624514232459e+03
2.297741979920166614e+03
2.302788874812847553e+03
2.307841309198109684e+03
2.312899283001360800e+03
2.317962796343276750e+03
2.323031849047402375e+03
2.328106441255695245e+03
2.333186572970738780e+03
2.338272244114458317e+03
2.343363454809541963e+03
2.348460204873042130e+03
2.353562494453927684e+03
2.358670323552546051e+03
2.363783692091302783e+03
2.368902600168100889e+03
2.374027047653097725e+03
2.379157034686079442e+03
2.384292561181340716e+03
2.389433627189013350e+03
2.394580232670855821e+03
2.399732377644054395e+03
2.404890062157046941e+03
2.410053286130528704e+03
2.415222049630261608e+03
2.420396352597436362e+03
2.425576195120569537e+03
2.430761577111754377e+03
2.435952498646409822e+03
2.441148959644335264e+03
2.446350960210148969e+03
2.451558500252761860e+03
2.456771579838010439e+03
2.461990198905801662e+03
