5.999999999999089617e+00
6.021211927602508673e+00
6.042746516636829490e+00
6.064609979026249320e+00
6.086808673632256195e+00
6.109349110322269460e+00
6.132237954121139367e+00
6.155482029522068466e+00
6.179088324893606377e+00
6.203063997027735255e+00
6.227416375810620686e+00
6.252152969050161602e+00
6.277281467403349247e+00
6.302809749487557234e+00
6.328745887098857104e+00
6.355098150596280249e+00
6.381875014442456973e+00
6.409085162873771502e+00
6.436737495744449866e+00
6.464841134525996402e+00
6.493405428482130759e+00
6.522439960957320260e+00
6.551954555897274268e+00
6.581959284490223716e+00
6.612464471992465675e+00
6.643480704743069509e+00
6.675018837314960152e+00
6.707089999848034445e+00
6.739705605596240545e+00
6.772877358599213693e+00
6.806617261533888907e+00
6.840937623751795371e+00
6.875851069484413713e+00
6.911370546203315257e+00
6.947509333147656285e+00
6.984281050022295823e+00
7.021699665808557533e+00
7.059779507761625439e+00
7.098535270539547248e+00
7.137982025420610555e+00
7.178135229703431541e+00
7.219010736144157114e+00
7.260624802530961652e+00
7.302994101306192753e+00
7.346135729250295121e+00
7.390067217207927364e+00
7.434806539808667125e+00
7.480372125187195742e+00
7.526782864661172745e+00
7.574058122297630646e+00
7.622217744422726149e+00
7.671282068940023180e+00
7.721271934464564168e+00
7.772208689224058276e+00
7.824114199666461822e+00
7.877010858653900272e+00
7.930921593379086865e+00
7.985869872702193284e+00
8.041879713945023767e+00
8.098975689100898379e+00
8.157182930288467304e+00
8.216527134344378425e+00
8.277034566775455460e+00
8.338732064387507137e+00
8.401647036986007677e+00
8.465807467821649723e+00
8.531241912437172559e+00
8.597979496658936682e+00
8.666049912275809675e+00
8.735483411329330039e+00
8.806310798373454318e+00
8.878563420460773514e+00
8.952273155640686042e+00
9.027472398121791031e+00
9.104194041427415840e+00
9.182471458637708750e+00
9.262338479836248695e+00
9.343829366192389685e+00
9.426978781670843688e+00
9.511821759646174712e+00
9.598393668503936382e+00
9.686730170200943846e+00
9.776867178913523304e+00
9.868840812659721351e+00
9.962687341460050305e+00
1.005844313384989874e+01
1.015614459503775358e+01
1.025582810591802208e+01
1.035752995282729394e+01
1.046128625870383644e+01
1.056713290498406543e+01
1.067510545452122095e+01
1.078523906857857817e+01
1.089756842072146092e+01
1.101212760838440552e+01
1.112895006320002800e+01
1.124806845735791150e+01
1.136951461033297051e+01
1.149331939435342953e+01
1.161951263924138011e+01
1.174812303956315418e+01
1.187917806231774343e+01
1.201270385688343190e+01
1.214872516799088409e+01
1.228726525553000393e+01
1.242834581466496324e+01
1.257198690649261863e+01
1.271820689304530205e+01
1.286702238179898217e+01
1.301844817629918438e+01
1.317249723860036070e+01
1.332918066044256555e+01
1.348850764510645917e+01
1.365048550037477071e+01
1.381511964263920511e+01
1.398241361200477151e+01
1.415236910076069599e+01
1.432498598959518610e+01
1.450026239721998955e+01
1.467819474113729328e+01
1.485877780608099741e+01
1.504200482287279605e+01
1.522786755539962300e+01
1.541635639467917862e+01
1.560746045988478947e+01
1.580116770218545419e+01
1.599746501556620437e+01
1.619633834858957044e+01
1.639777281689010735e+01
1.660175281790287727e+01
1.680826214424116216e+01
1.701728409109558626e+01
1.722880157096555465e+01
1.744279721119122684e+01
1.765925345498002486e+01
1.787815265791046926e+01
1.809947717689793123e+01
1.832320944604297708e+01
1.854933205883429537e+01
1.877782783277466194e+01
1.900867986659963904e+01
1.924187160536961017e+01
1.947738687772324084e+01
1.971520994000900018e+01
1.995532551144989242e+01
2.019771879437577766e+01
2.044237550842227336e+01
2.068928189273147566e+01
2.093842473222585454e+01
2.118979134882103210e+01
2.144336961183291379e+01
2.169914793323381730e+01
2.195711526532945967e+01
2.221726109261144089e+01
2.247957541675373250e+01
2.274404874913188124e+01
2.301067208948827059e+01
2.327943692036490830e+01
2.355033518093770084e+01
2.382335925357347151e+01
2.409850194389922606e+01
2.437575646363732318e+01
2.465511640447942199e+01
2.493657573373007708e+01
2.522012876283387683e+01
2.550577013352979705e+01
2.579349479707645187e+01
2.608329800278841049e+01
2.637517527790562255e+01
2.666912240835740278e+01
2.696513542713497458e+01
2.726321059623458964e+01
2.756334439953524651e+01
2.786553351937719469e+01
2.816977483122137116e+01
2.847606538411179500e+01
2.878440240272223960e+01
2.909478326253886493e+01
2.940720548782756438e+01
2.972166673445111584e+01
3.003816479505032788e+01
3.035669757889152365e+01
3.067726310765391773e+01
3.099985950342425767e+01
3.132448499610352144e+01
3.165113790354286394e+01
3.197981663122480711e+01
3.231051965929734848e+01
3.264324555541730177e+01
3.297799295301234679e+01
3.331476055347674503e+01
3.365354712031450646e+01
3.399435147642014954e+01
3.433717250424753331e+01
3.468200913704777832e+01
3.502886035723589231e+01
3.537772519592235909e+01
3.572860272182627028e+01
3.608149205603420739e+01
3.643639235348067729e+01
3.679330280772850159e+01
3.715222264680557629e+01
3.751315113318037220e+01
3.787608756243776753e+01
3.824103125343165033e+01
3.860798156408628756e+01
3.897693787419399314e+01
3.934789959013363614e+01
3.972086614227828250e+01
4.009583698525718631e+01
4.047281159565203978e+01
4.085178947149545081e+01
4.123277013111808742e+01
4.161575310944434847e+01
4.200073796507422230e+01
4.238772427263155151e+01
4.277671162125975002e+01
4.316769961654603094e+01
4.356068788201049813e+01
4.395567605352479745e+01
4.435266378180276092e+01
4.475165073065291210e+01
4.515263657480233661e+01
4.555562100673063952e+01
4.596060372630952884e+01
4.636758444656123146e+01
4.677656288980345067e+01
4.718753879065133106e+01
4.760051189240504499e+01
4.801548194894939314e+01
4.843244871808758489e+01
4.885141197677556590e+01
4.927237150261894527e+01
4.969532708423547263e+01
5.012027851676658230e+01
5.054722560420169941e+01
5.097616816052805433e+01
5.140710599073621268e+01
5.184003893106577010e+01
5.227496680867565715e+01
5.271188946089223748e+01
5.315080673027441804e+01
5.359171846591590338e+01
5.403462452180547615e+01
5.447952475641512393e+01
5.492641903398400416e+01
5.537530722537611183e+01
5.582618920550743979e+01
5.627906485225720701e+01
5.673393405038690673e+01
5.719079668711955122e+01
5.764965265374222270e+01
5.811050184452809475e+01
5.857334416130511556e+01
5.903817950811090043e+01
5.950500779001013285e+01
5.997382891960026541e+01
6.044464280926753474e+01
6.091744937785319536e+01
6.139224854058443981e+01
6.186904022441343187e+01
6.234782435616493501e+01
6.282860086184614801e+01
6.331136967610787281e+01
6.379613073136451362e+01
6.428288396665870152e+01
6.477162931486030573e+01
6.526236672244419879e+01
6.575509613379682605e+01
6.624981749226799366e+01
6.674653074825171473e+01
6.724523585713896523e+01
6.774593275495423939e+01
6.824862140855221071e+01
6.875330177214705429e+01
6.925997380378973389e+01
6.976863746859571336e+01
7.027929270920472504e+01
7.079193950471469066e+01
7.130657781673285456e+01
7.182320761091851580e+01
7.234182885764873561e+01
7.286244151545548675e+01
7.338504556353105102e+01
7.390964097253544196e+01
7.443622771522511528e+01
7.496480576860297163e+01
7.549537509790648926e+01
7.602793568886444575e+01
7.656248751779340012e+01
7.709903056440602143e+01
7.763756480919950320e+01
7.817809022586854439e+01
7.872060680393873611e+01
7.926511452589386408e+01
7.981161337615574780e+01
8.036010333255134697e+01
8.091058438811668907e+01
8.146305652928383267e+01
8.201751974167254389e+01
8.257397401012968885e+01
8.313241932836916703e+01
8.369285569411120207e+01
8.425528307443904907e+01
8.481970147949296290e+01
8.538611089828657441e+01
8.595451132544481254e+01
8.652490274321839081e+01
8.709728515567445584e+01
8.767165855778154082e+01
8.824802293663169905e+01
8.882637829240911742e+01
8.940672462371213669e+01
8.998906192558089856e+01
9.057339018999678615e+01
9.115970942121751364e+01
9.174801962019570567e+01
9.233832077205089206e+01
9.293061288724763358e+01
9.352489597080771944e+01
9.412117000142177403e+01
9.471943499658841858e+01
9.531969096249245865e+01
9.592193787639665459e+01
9.652617575847651210e+01
9.713240461658175207e+01
9.774062442734016543e+01
9.835083521326703249e+01
9.896303698278136096e+01
9.957722971369355491e+01
1.001934134294908887e+02
1.008115881387505937e+02
1.014317538212385443e+02
1.020539105011782368e+02
1.026780581847602321e+02
1.033041968595427562e+02
1.039323265454720513e+02
1.045624472472175626e+02
1.051945589597343655e+02
1.058286616993457301e+02
1.064647554698033929e+02
1.071028402720497752e+02
1.077429161276972565e+02
1.083849830147499205e+02
1.090290409639862901e+02
1.096750899823771306e+02
1.103231300607440772e+02
1.109731612221201829e+02
1.116251834664778784e+02
1.122791967997504372e+02
1.129352012452278444e+02
1.135931967813844636e+02
1.142531834410130358e+02
1.149151612271482747e+02
1.155791301404297542e+02
1.162450902069142984e+02
1.169130414045276325e+02
1.175829837683941008e+02
1.182549173024410436e+02
1.189288420064061711e+02
1.196047579074130311e+02
1.202826649843660363e+02
1.209625632732937390e+02
1.216444527755168252e+02
1.223283334945246850e+02
1.230142054558983915e+02
1.237020686435006667e+02
1.243919230906317779e+02
1.250837687928646034e+02
1.257776057647792953e+02
1.264734340214614150e+02
1.271712535599468339e+02
1.278710644094941955e+02
1.285728665513665021e+02
1.292766600231840357e+02
1.299824448193805893e+02
1.306902209553406351e+02
1.313999884446972430e+02
1.321117472865261107e+02
1.328254975093191206e+02
1.335412390989270364e+02
1.342589720955592441e+02
1.349786964714865576e+02
1.357004122709926150e+02
1.364241194879161867e+02
1.371498181372005831e+02
1.378775082313599114e+02
1.386071897726901625e+02
1.393388627854546371e+02
1.400725272611416585e+02
1.408081832342308246e+02
1.415458306871606169e+02
1.422854696622626136e+02
1.430271001319816548e+02
1.437707221415635104e+02
1.445163356810703874e+02
1.452639407733855705e+02
1.460135374187359787e+02
1.467651256355141811e+02
1.475187054293849656e+02
1.482742768127979502e+02
1.490318397974388915e+02
1.497913943900245215e+02
1.505529406072977849e+02
1.513164784513906511e+02
1.520820079432789669e+02
1.528495290813182237e+02
1.536190418896164545e+02
1.543905463639086406e+02
1.551640425304052826e+02
1.559395303831725244e+02
1.567170099495756688e+02
1.574964812229569020e+02
1.582779442308903697e+02
1.590613989669182047e+02
1.598468454578936644e+02
1.606342836985191127e+02
1.614237137138946991e+02
1.622151355009791018e+02
1.630085490819248264e+02
1.638039544571380475e+02
1.646013516447346205e+02
1.654007406496400563e+02
1.662021214847444526e+02
1.670054941609374737e+02
1.678108586840161820e+02
1.686182150717774562e+02
1.694275633242542938e+02
1.702389034642225454e+02
1.710522354867887316e+02
1.718675594254096097e+02
1.726848752525829411e+02
1.735041830193706573e+02
1.743254827006000198e+02
1.751487743382030828e+02
1.759740579146139794e+02
1.768013334614094845e+02
1.776306009710744718e+02
1.784618604696076147e+02
1.792951119522246870e+02
1.801303554380191372e+02
1.809675909354245107e+02
1.818068184472816142e+02
1.826480380050489600e+02
1.834912495753348765e+02
1.843364532150034165e+02
1.851836488983270499e+02
1.860328366627421701e+02
1.868840164982343026e+02
1.877371884232153434e+02
1.885923524480749620e+02
1.894495085719252643e+02
1.903086568247544221e+02
1.911697971828545519e+02
1.920329296921146067e+02
1.928980543366862150e+02
1.937651711380165409e+02
1.946342801047472335e+02
1.955053812353240801e+02
1.963784745591214858e+02
1.972535600563292348e+02
1.981306377662390901e+02
1.990097076811482566e+02
1.998907698099482957e+02
2.007738241798170407e+02
2.016588707596028485e+02
2.025459096040635814e+02
2.034349406935795628e+02
2.043259640474735761e+02
2.052189796872494298e+02
2.061139875761986673e+02
2.070109877776168048e+02
2.079099802670617123e+02
2.088109650658390422e+02
2.097139421940366901e+02
2.106189116152609131e+02
2.115258733918744269e+02
2.124348275024684654e+02
2.133457739616447100e+02
2.142587127914909502e+02
2.151736439650991315e+02
2.160905675307854779e+02
2.170094834776967900e+02
2.179303918100609962e+02
2.188532925536590881e+02
2.197781856933601716e+02
2.207050712568548931e+02
2.216339492578967736e+02
2.225648196628949620e+02
2.234976825307512343e+02
2.244325378451277970e+02
2.253693856108645548e+02
2.263082258529395574e+02
2.272490585591657180e+02
2.281918837504180146e+02
2.291367014419857071e+02
2.300835116112743322e+02
2.310323142995981414e+02
2.319831095138372348e+02
2.329358972166656372e+02
2.338906774718142856e+02
2.348474502623014928e+02
2.358062155867540355e+02
2.367669734777371104e+02
2.377297239239545661e+02
2.386944669298438839e+02
2.396612025252477451e+02
2.406299306962402511e+02
2.416006514539091086e+02
2.425733648194760974e+02
2.435480707830831477e+02
2.445247693581060844e+02
2.455034605628484030e+02
2.464841443870121793e+02
2.474668208453684599e+02
2.484514899551946598e+02
2.494381517070308405e+02
2.504268061138322992e+02
2.514174531938011228e+02
2.524100929395976607e+02
2.534047253567099176e+02
2.544013504734050173e+02
2.553999682772079609e+02
2.564005787714702933e+02
2.574031819861850181e+02
2.584077779121371350e+02
2.594143665465990694e+02
2.604229479217066796e+02
2.614335220398953084e+02
2.624460888704963395e+02
2.634606484669504312e+02
2.644772008247979898e+02
2.654957459290362181e+02
2.665162838063624804e+02
2.675388144661569640e+02
2.685633379029321191e+02
2.695898541194504787e+02
2.706183631445857145e+02
2.716488649800510302e+02
2.726813595923509865e+02
2.737158470382252631e+02
2.747523273106960460e+02
2.757908004006684450e+02
2.768312663204851560e+02
2.778737250940209265e+02
2.789181767239957139e+02
2.799646211720540236e+02
2.810130585008042203e+02
2.820634887001183984e+02
2.831159117640860359e+02
2.841703276982860302e+02
2.852267365309549518e+02
2.862851382600458692e+02
2.873455328640877724e+02
2.884079203774056168e+02
2.894723008107893634e+02
2.905386741685340439e+02
2.916070404107534841e+02
2.926773996019909987e+02
2.937497517302350616e+02
2.948240967932524086e+02
2.959004347912313051e+02
2.969787657515868204e+02
2.980590896719225498e+02
2.991414065479907549e+02
3.002257163840394014e+02
3.013120192063670970e+02
3.024003150114439222e+02
3.034906037949420465e+02
3.045828855616072701e+02
3.056771603371144010e+02
3.067734281178192077e+02
3.078716889015212246e+02
3.089719426897069638e+02
3.100741895078793959e+02
3.111784293535911274e+02
3.122846622408416124e+02
3.133928881278673657e+02
3.145031070732941316e+02
3.156153190748996167e+02
3.167295241332027445e+02
3.178457222289355855e+02
3.189639133900375896e+02
3.200840976312946964e+02
3.212062749477233297e+02
3.223304453369083831e+02
3.234566088018891037e+02
3.245847653655857812e+02
3.257149150263500701e+02
3.268470577936150221e+02
3.279811936482396391e+02
3.291173226122136839e+02
3.302554447035178100e+02
3.313955599161143937e+02
3.325376682630565028e+02
3.336817697119626018e+02
3.348278643048134313e+02
3.359759520494337153e+02
3.371260329400361115e+02
3.382781069905625486e+02
3.394321741647958675e+02
3.405882345100934572e+02
3.417462880315725329e+02
3.429063347232304864e+02
3.440683745977037802e+02
3.452324076264678752e+02
3.463984338451037956e+02
3.475664532640718676e+02
3.487364658772224857e+02
3.499084716943999638e+02
3.510824707015872832e+02
3.522584629137990646e+02
3.534364483439725859e+02
3.546164269999837302e+02
3.557983988778926800e+02
3.569823639904521428e+02
3.581683223069831570e+02
3.593562738661015032e+02
3.605462186726688856e+02
3.617381567305877752e+02
3.629320880380349195e+02
3.641280126084232620e+02
3.653259304042996973e+02
3.665258414738714237e+02
3.677277458171459443e+02
3.689316434384475087e+02
3.701375343351739957e+02
3.713454185186598693e+02
3.725552959648555316e+02
3.737671667023739701e+02
3.749810307383830832e+02
3.761968880800898205e+02
3.774147387220433529e+02
3.786345826735682181e+02
3.798564199426987216e+02
3.810802504924950540e+02
3.823060743738751057e+02
3.835338915831255235e+02
3.847637021264146711e+02
3.859955060029730589e+02
3.872293032182016645e+02
3.884650937511919437e+02
3.897028776318998098e+02
3.909426548615625165e+02
3.921844254476347942e+02
3.934281893945468482e+02
3.946739466989793641e+02
3.959216973697275535e+02
3.971714414150264929e+02
3.984231788019584997e+02
3.996769095734148891e+02
4.009326337264648146e+02
4.021903512668039866e+02
4.034500621996097607e+02
4.047117665206749280e+02
4.059754642382268912e+02
4.072411553578197640e+02
4.085088398836905412e+02
4.097785177808623871e+02
4.110501891044610261e+02
4.123238538434463294e+02
4.135995120032367822e+02
4.148771635894370888e+02
4.161568085973131019e+02
4.174384470347687852e+02
4.187220789062980089e+02
4.200077042172199526e+02
4.212953229474074419e+02
4.225849351277286701e+02
4.238765407530200946e+02
4.251701398296157208e+02
4.264657323624636547e+02
4.277633183548003899e+02
4.290628978119640351e+02
4.303644707303190557e+02
4.316680371173532649e+02
4.329735969770207475e+02
4.342811503136629199e+02
4.355906971320054026e+02
4.369022374044097319e+02
4.382157711758653136e+02
4.395312984348576606e+02
4.408488191864401529e+02
4.421683334348509788e+02
4.434898411834687408e+02
4.448133424353546275e+02
4.461388371965353485e+02
4.474663254627755009e+02
4.487958072413788955e+02
4.501272825357442002e+02
4.514607513493751298e+02
4.527962136857908604e+02
4.541336695486559734e+02
4.554731189424931017e+02
4.568145618423907877e+02
4.581579982935253383e+02
4.595034282788779478e+02
4.608508518060387473e+02
4.622002688780507924e+02
4.635516794974816435e+02
4.649050836682806676e+02
4.662604813932759953e+02
4.676178726756800188e+02
4.689772575184356356e+02
4.703386359244274217e+02
4.717020079004476543e+02
4.730673734413645661e+02
4.744347325544217711e+02
4.758040852426465221e+02
4.771754315090527712e+02
4.785487713566365642e+02
4.799241047883787701e+02
4.813014318072859510e+02
4.826807524162709910e+02
4.840620666183071990e+02
4.854453744163420765e+02
4.868306758132485470e+02
4.882179708119367660e+02
4.896072594153220052e+02
4.909985416262368858e+02
4.923918174475344358e+02
4.937870868820554051e+02
4.951843499325904645e+02
4.965836066019962232e+02
4.979848568929905923e+02
4.993881008084825339e+02
5.007933383510404042e+02
5.022005695236261431e+02
5.036097943289204864e+02
5.050210127696487348e+02
5.064342248485720006e+02
5.078494305684214964e+02
5.092666299319494669e+02
5.106858229419497661e+02
5.121070096010087127e+02
5.135301899119946256e+02
5.149553638774686988e+02
5.163825315002535490e+02
5.178116927829951237e+02
5.192428477283738175e+02
5.206759963390671828e+02
5.221111386177122995e+02
5.235482745669463611e+02
5.249874041894297534e+02
5.264285274877156553e+02
5.278716444644705916e+02
5.293167551222022666e+02
5.307638594635292293e+02
5.322129574909733947e+02
5.336640492070928303e+02
5.351171346144068366e+02
5.365722137154355096e+02
5.380292865126996276e+02
5.394883530086800647e+02
5.409494132011055854e+02
5.424124671016674029e+02
5.438775147086413426e+02
5.453445560246947252e+02
5.468135910525002146e+02
5.482846197943832749e+02
5.497576422530489708e+02
5.512326584301150660e+02
5.527096683285676590e+02
5.541886719510015382e+02
5.556696692963535043e+02
5.571526603895484868e+02
5.586376451827354686e+02
5.601246237089200122e+02
5.616135959718448021e+02
5.631045619733079093e+02
5.645975217152641790e+02
5.660924751997630437e+02
5.675894224289413614e+02
5.690883634000896336e+02
5.705892981247305897e+02
5.720922266017776110e+02
5.735971488340893529e+02
5.751040648238027870e+02
5.766129745723012547e+02
5.781238780827535493e+02
5.796367753737360999e+02
5.811516663926744286e+02
5.826685511795121784e+02
5.841874297385390946e+02
5.857083020706959360e+02
5.872311681774318686e+02
5.887560280605528078e+02
5.902828817163033364e+02
5.918117291595194729e+02
5.933425703879872799e+02
5.948754054023222579e+02
5.964102342040938538e+02
5.979470568097566456e+02
5.994858731672078420e+02
6.010266833236245247e+02
6.025694872780684364e+02
6.041142850311881602e+02
6.056610765787983155e+02
6.072098619341992389e+02
6.087606410972714457e+02
6.103134140681953568e+02
6.118681808473786532e+02
6.134249414447086792e+02
6.149836958208077249e+02
6.165444440165230162e+02
6.181071860306947201e+02
6.196719218583526754e+02
6.212386515123598656e+02
6.228073749934197849e+02
6.243780923013857773e+02
6.259508034598075028e+02
6.275255083921738333e+02
6.291022071600449408e+02
6.306808997644345709e+02
6.322615861990951771e+02
6.338442664756963723e+02
6.354289405961469583e+02
6.370156085601770428e+02
6.386042703841480943e+02
6.401949260004529378e+02
6.417875754705971758e+02
6.433822187921286968e+02
6.449788559583319056e+02
6.465774869861445495e+02
6.481781118729909394e+02
6.497807306396186959e+02
6.513853432035533615e+02
6.529919496347710037e+02
6.546005499313951077e+02
6.562111440859692948e+02
6.578237321173469354e+02
6.594383140207253291e+02
6.610548898031451017e+02
6.626734594075857103e+02
6.642940228939328335e+02
6.659165802509940022e+02
6.675411314929763194e+02
6.691676766204255955e+02
6.707962156500000219e+02
6.724267484981794496e+02
6.740592752399502388e+02
6.756937958643618458e+02
6.773303103845025817e+02
6.789688188018968731e+02
6.806093211293807599e+02
6.822518172862498886e+02
6.838963073490931492e+02
6.855427913042773298e+02
6.871912691692937187e+02
6.888417409416205146e+02
6.904942066112423618e+02
6.921486661462475922e+02
6.938051195937397324e+02
6.954635669436099761e+02
6.971240082176882424e+02
6.987864434224163688e+02
7.004508724707703777e+02
7.021172954457970263e+02
7.037857123319323591e+02
7.054561231506578451e+02
7.071285279172972196e+02
7.088029265271625263e+02
7.104793190718283995e+02
7.121577055366235527e+02
7.138380859428762051e+02
7.155204603051096228e+02
7.172048285174759030e+02
7.188911906731246972e+02
7.205795467581355069e+02
7.222698967945528921e+02
7.239622407803502711e+02
7.256565786384752528e+02
7.273529104415534903e+02
7.290512361951632556e+02
7.307515559039910613e+02
7.324538695403679185e+02
7.341581770891232281e+02
7.358644785836316942e+02
7.375727740437608873e+02
7.392830634786206474e+02
7.409953467854926430e+02
7.427096240548410151e+02
7.444258952910023481e+02
7.461441604950878173e+02
7.478644196324819404e+02
7.495866727056701393e+02
7.513109197382007096e+02
7.530371607547280064e+02
7.547653957235029338e+02
7.564956246174729131e+02
7.582278474786992319e+02
7.599620643296944991e+02
7.616982751499150481e+02
7.634364798891178907e+02
7.651766786036237136e+02
7.669188713140495111e+02
7.686630580020188290e+02
7.704092386118283002e+02
7.721574132035379989e+02
7.739075817984402192e+02
7.756597443699195082e+02
7.774139008757055080e+02
7.791700513686685099e+02
7.809281958729153530e+02
7.826883343439900500e+02
7.844504667699926586e+02
7.862145931886356038e+02
7.879807136222609643e+02
7.897488280139413064e+02
7.915189363754734586e+02
7.932910387521862958e+02
7.950651351524594475e+02
7.968412254678713680e+02
7.986193097933087301e+02
8.003993881470611313e+02
8.021814604869024379e+02
8.039655267919139305e+02
8.057515871078387590e+02
8.075396414802621621e+02
8.093296897601258024e+02
8.111217320627297340e+02
8.129157684040918639e+02
8.147117987423494014e+02
8.165098230534100594e+02
8.183098413866637202e+02
8.201118537773136268e+02
8.219158600927496536e+02
8.237218604408017200e+02
8.255298548422084650e+02
8.273398432230083017e+02
8.291518256006911542e+02
8.309658020304860884e+02
8.327817724783502626e+02
8.345997369042636365e+02
8.364196953683170932e+02
8.382416478925653109e+02
8.400655943669746648e+02
8.418915348866888735e+02
8.437194694950879921e+02
8.455493980295123038e+02
8.473813206173506387e+02
8.492152372748539619e+02
8.510511479239852406e+02
8.528890525924464328e+02
8.547289513391770015e+02
8.565708440821431395e+02
8.584147308431890906e+02
8.602606116856967446e+02
8.621084865354323483e+02
8.639583554006979966e+02
8.658102183514688477e+02
