1.724771326397045925e+02
1.707591165831773878e+02
1.690497667849743095e+02
1.673490836441002898e+02
1.656570675728237916e+02
1.639737189821271954e+02
1.622990383263503418e+02
1.606330260375088130e+02
1.589756825633385233e+02
1.573270083852036976e+02
1.556870039978228135e+02
1.540556698712128707e+02
1.524330065265379801e+02
1.508190144811111679e+02
1.492136943007349998e+02
1.476170464658049752e+02
1.460290716031244074e+02
1.444497702987070511e+02
1.428791430991528841e+02
1.413171906642711804e+02
1.397639136139438278e+02
1.382193125957615507e+02
1.366833882851143187e+02
1.351561413596967611e+02
1.336375725592345418e+02
1.321276825646813791e+02
1.306264721722311037e+02
1.291339421183144793e+02
1.276500932503882382e+02
1.261749263334170337e+02
1.247084422594216022e+02
1.232506418896317513e+02
1.218015261028990182e+02
1.203610958561913407e+02
1.189293520985853689e+02
1.175062958144933276e+02
1.160919280205735049e+02
1.146862497841908777e+02
1.132892621803355553e+02
1.119009663337186993e+02
1.105213634140300627e+02
1.091504546100874222e+02
1.077882411790792503e+02
1.064347243695666094e+02
1.050899055355810816e+02
1.037537860386647566e+02
1.024263673082366353e+02
1.011076507963231279e+02
9.979763803620294027e+01
9.849633060229560044e+01
9.720373012848158112e+01
9.591983829516637172e+01
9.464465687044086906e+01
9.337818766355837852e+01
9.212043256685684867e+01
9.087139353815082643e+01
8.963107261036114437e+01
8.839947189469194200e+01
8.717659358398283587e+01
8.596243995514372216e+01
8.475701337805750768e+01
8.356031632439005818e+01
8.237235134953354532e+01
8.119312111596076420e+01
8.002262841245267566e+01
7.886087612650410961e+01
7.770786729215885202e+01
7.656360500651180701e+01
7.542809258877971956e+01
7.430133344356922009e+01
7.318333115768380992e+01
7.207408941327049945e+01
7.097361215039852311e+01
6.988190342036274671e+01
6.879896748203520929e+01
6.772480879979275414e+01
6.665943201034058063e+01
6.560284201709134777e+01
6.455504393115097628e+01
6.351604312952727582e+01
6.248584519503653922e+01
6.146445608205731759e+01
6.045188196185507223e+01
5.944812936734950881e+01
5.845320514168312798e+01
5.746711649828385760e+01
5.648987101693827384e+01
5.552147669405018604e+01
5.456194196270988073e+01
5.361127567932732063e+01
5.266948725071679860e+01
5.173658656893940133e+01
5.081258410243431456e+01
4.989749092515118178e+01
4.899131875454547469e+01
4.809408001094052310e+01
4.720578783268652501e+01
4.632645620595854297e+01
4.545609994649985452e+01
4.459473481079021440e+01
4.374237755648456982e+01
4.289904601808262186e+01
4.206475920646924038e+01
4.123953739060844725e+01
4.042340220871822254e+01
3.961637678189850220e+01
3.881848583906113959e+01
3.802975585843024220e+01
3.725021520562442845e+01
3.647989432923903763e+01
3.571882592255875011e+01
3.496704513561292060e+01
3.422458978643085459e+01
3.349150066284045124e+01
3.276782172352886136e+01
3.205360047580557392e+01
3.134888826904203540e+01
3.065374069705776705e+01
2.996821800382808476e+01
2.929238556243910807e+01
2.862631438209664481e+01
2.797008167753029539e+01
2.732377151664336878e+01
2.668747550503775656e+01
2.606129356693972809e+01
2.544533479373910367e+01
2.483971835953918728e+01
2.424457455184644061e+01
2.366004582176463344e+01
2.308628798066701648e+01
2.252347137677606526e+01
2.197178217216330509e+01
2.143142357131318221e+01
2.090261704829615041e+01
2.038560341078514071e+01
1.988064372851927075e+01
1.938801990510908624e+01
1.890803485103088377e+01
1.844101210485916553e+01
1.798729473008179625e+01
1.754724338794759575e+01
1.712123347659068173e+01
1.670965128349308060e+01
1.631288918464105109e+01
1.593134001499692687e+01
1.556539084590491839e+01
1.521541651414739604e+01
1.488177333584454232e+01
1.456479349931682599e+01
1.426478063846270139e+01
1.398200705068600946e+01
1.371671293926035062e+01
1.346910792746801810e+01
1.323937497641227701e+01
1.302767667633982640e+01
1.283416381166361298e+01
1.265898599929615287e+01
1.250230420316030866e+01
1.236430493800880193e+01
1.224521605552078185e+01
1.214532410188105516e+01
1.206499337476633116e+01
1.200468696437261507e+01
1.196499024887504703e+01
1.194663752675405632e+01
1.195054271997529405e+01
1.197783538714427465e+01
1.202990366734620764e+01
1.210844626535174484e+01
1.221553622972874642e+01
