5.379911812163785726e+03
5.324052239023941183e+03
5.268483733239626417e+03
5.213206294529463776e+03
5.158219922606464024e+03
5.103524617177632535e+03
5.049120377944275788e+03
4.995007204601430203e+03
4.941185096837925812e+03
4.887654054335986984e+03
4.834414076771522559e+03
4.781465163813447361e+03
4.728807315123776789e+03
4.676440530357421267e+03
4.624364809161933408e+03
4.572580151177334301e+03
4.521086556035907051e+03
4.469884023362015796e+03
4.418972552771877417e+03
4.368352143873308705e+03
4.318022796265458055e+03
4.267984509538695420e+03
4.218237283274294896e+03
4.168781117044178245e+03
4.119616010410588387e+03
4.070741962925902044e+03
4.022158974132330968e+03
3.973867043561665014e+03
3.925866170734774187e+03
3.878156355161624106e+03
3.830737596340698019e+03
3.783609893758630733e+03
3.736773246890166774e+03
3.690227655197414151e+03
3.643973118129720206e+03
3.598009635123220050e+03
3.552337205600448215e+03
3.506955828969882532e+03
3.461865504625523045e+03
3.417066231946454081e+03
3.372558010296415887e+03
3.328340839023192075e+03
3.284414717458302675e+03
3.240779644916343841e+03
3.197435620694493082e+03
3.154382644071833965e+03
3.111620714309058258e+03
3.069149830647538693e+03
3.026969992308872861e+03
2.985081198494196997e+03
2.943483448383490668e+03
2.902176741134861004e+03
2.861161075883794638e+03
2.820436451742425106e+03
2.780002867798712032e+03
2.739860323115575738e+03
2.700008816730027320e+03
2.660448347652309621e+03
2.621178914864934995e+03
2.582200517321668485e+03
2.543513153946486909e+03
2.505116823632502474e+03
2.467011525240913670e+03
2.429197257599763816e+03
2.391674019502645933e+03
2.354441809707604534e+03
2.317500626935629953e+03
2.280850469869250446e+03
2.244491337151251628e+03
2.208423227382893856e+03
2.172646139122441127e+03
2.137160070883471690e+03
2.101965021133119080e+03
2.067060988290053047e+03
2.032447970722823129e+03
1.998125966747589928e+03
1.964094974625987106e+03
1.930354992563083442e+03
1.896906018704754615e+03
1.863748051135366495e+03
1.830881087875122603e+03
1.798305126877324028e+03
1.766020166025392655e+03
1.734026203130005342e+03
1.702323235925642393e+03
1.670911262067447751e+03
1.639790279127518716e+03
1.608960284591151776e+03
1.578421275852901317e+03
1.548173250212379571e+03
1.518216204869805551e+03
1.488550136921321837e+03
1.459175043354018044e+03
1.430090921040698959e+03
1.401297766734298875e+03
1.372795577061982840e+03
1.344584348518881825e+03
1.316664077461470242e+03
1.289034760100500989e+03
1.261696392493516214e+03
1.234648970536841944e+03
1.207892489957147291e+03
1.181426946302392253e+03
1.155252334932197527e+03
1.129368651007584958e+03
1.103775889480009255e+03
1.078474045079664393e+03
1.053463112302979198e+03
1.028743085399206620e+03
1.004313958356103967e+03
9.801757248845898403e+02
9.563283784022780765e+02
9.327719120157709085e+02
9.095063185016709895e+02
8.865315902861526638e+02
8.638477194229863017e+02
8.414546975698145843e+02
8.193525159626135519e+02
7.975411653880945551e+02
7.760206361538873807e+02
7.547909180562684242e+02
7.338520003452363198e+02
7.132038716866181858e+02
6.928465201209660336e+02
6.727799330188809108e+02
6.530040970324134832e+02
6.335189980421496330e+02
6.143246210995195042e+02
5.954209503638286378e+02
5.768079690334139968e+02
5.584856592704401237e+02
5.404540021183639738e+02
5.227129774116657472e+02
5.052625636765935724e+02
4.881027380222516854e+02
4.712334760208290163e+02
4.546547515758064151e+02
4.383665367769143586e+02
4.223688017403521826e+02
4.066615144328384872e+02
3.912446404778574447e+02
3.761181429424676708e+02
3.612819821030851699e+02
3.467361151886192943e+02
3.324804960998961860e+02
3.185150751045810580e+02
3.048397985079937484e+02
2.914546083017323213e+02
2.783594417946799808e+02
2.655542312351619216e+02
2.687041170135375410e+02
2.408133794534989818e+02
2.288775742868120062e+02
2.172313967919718891e+02
2.058747497940475171e+02
1.948075306495042014e+02
1.840296325191886240e+02
1.735409468225723231e+02
1.633413676476855017e+02
1.534307994240185167e+02
1.438091701166696623e+02
1.344764539572575188e+02
1.254327111208490209e+02
1.166781586861794437e+02
1.082133022937398152e+02
1.000391927223883926e+02
9.215795410074399285e+01
8.457391806788048427e+01
7.729606204699764760e+01
7.034289617541672612e+01
