8.190366247521213561e-02
8.067614324877046827e-02
7.943703011033773076e-02
7.818614522212603835e-02
7.692330712963039996e-02
7.564833060590213376e-02
7.436102664490390479e-02
7.306120254923344215e-02
7.174866145971232900e-02
7.042320246523016414e-02
6.908462050739802573e-02
6.773270623746734109e-02
6.636724589567559451e-02
6.498802118428968766e-02
6.359480940483523692e-02
6.218738297726308928e-02
6.076550951412165030e-02
5.932895167024226923e-02
5.787746702376385388e-02
5.641080787428293802e-02
5.492872124438062664e-02
5.343094870347432634e-02
5.191722619965993823e-02
5.038728388000841829e-02
4.884084598524638526e-02
4.727763064347874356e-02
4.569734984803409256e-02
4.409970918886360614e-02
4.248440761820113792e-02
4.085113757150827390e-02
3.919958444020342492e-02
3.752942651643761951e-02
3.584033492164511586e-02
3.413197327593024688e-02
3.240399753514113662e-02
3.065605582568313447e-02
2.888778825042536205e-02
2.709882655405481885e-02
2.528879400540506861e-02
2.345730514009073536e-02
2.160396549994789833e-02
1.972837141455537763e-02
1.783010982482607920e-02
1.590875784887070543e-02
1.396388263634361013e-02
1.199504106285077636e-02
1.000177944892443466e-02
7.983633224497613604e-03
5.940126769955799205e-03
3.870772907934839913e-03
