9.463644154655167995e+02
9.368637077181604127e+02
9.274112727970800734e+02
9.180071110658091129e+02
9.086512228965145823e+02
8.993436086699590533e+02
8.900842687760094805e+02
8.808732036137049590e+02
8.717104135915695906e+02
8.625958991279799193e+02
8.535296606513984443e+02
8.445116986006735260e+02
8.355420134254384266e+02
8.266206055862343192e+02
8.177474755551043017e+02
8.089226238158320257e+02
8.001460508642254581e+02
7.914177572086011878e+02
7.827377433702131384e+02
7.741060098835351937e+02
7.655225572967734706e+02
7.569873861722759329e+02
7.485004970870305669e+02
7.400618906330181517e+02
7.316715674178803965e+02
7.233295280653730970e+02
7.150357732157544888e+02
7.067903035266010647e+02
6.985931196731360160e+02
6.904442223489855905e+02
6.823436122667474137e+02
6.742912901586435055e+02
6.662872567772792536e+02
6.583315128961414757e+02
6.504240593105583912e+02
6.425648968383568445e+02
6.347540263207009730e+02
6.269914486228242367e+02
6.192771646350801120e+02
6.116111752736561584e+02
6.039934814816508606e+02
5.964240842300105214e+02
5.889029845185539216e+02
5.814301833770693975e+02
5.740056818664297680e+02
5.666294810797654691e+02
5.593015821437337536e+02
5.520219862196750000e+02
5.447906945051489629e+02
5.376077082351554282e+02
5.304730286837898348e+02
5.233866571655994449e+02
5.163485950373334390e+02
5.093588436995831330e+02
5.024174045985666339e+02
4.955242792279883588e+02
4.886794691310154803e+02
4.818829759022904682e+02
4.751348011900626602e+02
4.684349466985694335e+02
4.617834141902506531e+02
4.551802054883391406e+02
4.486253224795225947e+02
4.421187671165771462e+02
4.356605414213869381e+02
4.292506474879480152e+02
4.228890874856340929e+02
4.165758636625512850e+02
4.103109783490983773e+02
4.040944339618380923e+02
3.979262330073586327e+02
3.918063780866211232e+02
3.857348718992488443e+02
3.797117172483179388e+02
3.737369170453269476e+02
3.678104743154004836e+02
3.619323922028301581e+02
3.561026739770314862e+02
3.503213230387102044e+02
3.445883429265180666e+02
3.389037373239720523e+02
3.332675100669882795e+02
3.276796651517086616e+02
3.221402067428804799e+02
3.166491391828324140e+02
3.112064670008611529e+02
3.058121949233724877e+02
3.004663278846008438e+02
2.951688710380557836e+02
2.899198297686995147e+02
2.847192097060104743e+02
2.795670167378141855e+02
2.744632570252083497e+02
2.694079370183393394e+02
2.644010634734349878e+02
2.594426434710140938e+02
2.545326844352671003e+02
2.496711941550316567e+02
2.448581808061461516e+02
2.400936529754989976e+02
2.353776196869405624e+02
2.307100904290657297e+02
2.260910751851319276e+02
2.215205844653443705e+02
2.169986293416620242e+02
2.125252214852785642e+02
2.081003732072319963e+02
2.037240975022351677e+02
1.993964080961332286e+02
1.951173194973316924e+02
1.908868470525385419e+02
1.867050070072793346e+02
1.825718165716777150e+02
1.784872939919842167e+02
1.744514586284397808e+02
1.704643310402226746e+02
1.665259330780957612e+02
1.626362879856569919e+02
1.587954205100819820e+02
1.550033570234359956e+02
1.512601256556147575e+02
1.475657564404225468e+02
1.439202814760074318e+02
1.403237351015980039e+02
1.367761540921362950e+02
1.332775778732210767e+02
1.298280487585611240e+02
1.264276122127973281e+02
1.230763171427603311e+02
1.197742162207102581e+02
1.165213662436258630e+02
1.133178285330613022e+02
1.101636693809254410e+02
1.070589605471213872e+02
1.040037798158393088e+02
1.009982116185159811e+02
9.804234773225354616e+01
9.513628806412179983e+01
9.228014153297866073e+01
8.947402706230725755e+01
8.671807469954104874e+01
8.401242687899821249e+01
8.135723984878579529e+01
7.875268528353136332e+01
7.619895210862446788e+01
7.369624856342859687e+01
7.124480453438833649e+01
6.884487419072429759e+01
6.649673895673358004e+01
6.420071085442937431e+01
6.195713624677471643e+01
5.976640000329733482e+01
5.762893009452572812e+01
5.554520259336283772e+01
5.351574701715606608e+01
5.154115187307490942e+01
4.962207016359412393e+01
4.775922445519685056e+01
4.595341090165582187e+01
4.344543855851512149e+01
4.251644222071167434e+01
4.088724886636868661e+01
3.931899308092300060e+01
3.781278222624469265e+01
3.636972793498294720e+01
3.499090345853312556e+01
3.367728999194924455e+01
3.242971425501031035e+01
3.124878181416468692e+01
3.013481257979585592e+01
