1.071066650189103939e+03
1.058217976954985488e+03
1.045447096408810921e+03
1.032754008211108157e+03
1.020138712316216697e+03
1.007601208471945256e+03
9.951414964518280613e+02
9.827595760296849221e+02
9.704554469798088121e+02
9.582291090768816275e+02
9.460805620942190899e+02
9.340098058185965328e+02
9.220168398717466971e+02
9.101016641228206936e+02
8.982642783821754620e+02
8.865046821760931834e+02
8.748228754288302298e+02
8.632188577838452375e+02
8.516926290440090952e+02
8.402441887577581383e+02
8.288735368214768187e+02
8.175806728792039166e+02
8.063655965627104933e+02
7.952283076296212130e+02
7.841688057644576020e+02
7.731870906419735547e+02
7.622831619313567444e+02
7.514570192991853901e+02
7.407086624081414357e+02
7.300380909122316098e+02
7.194453044338756627e+02
7.089303026024524570e+02
6.984930850805266118e+02
6.881336514924918220e+02
6.778520013850572923e+02
6.676481344677711149e+02
6.575220502021591074e+02
6.474737482975197054e+02
6.375032282548924059e+02
6.276104896494460945e+02
6.177955320781530872e+02
6.080583550613214356e+02
5.983989581417404224e+02
5.888173407953039487e+02
5.793135026049091039e+02
5.698874430542177834e+02
5.605391616571329223e+02
5.512686578323989579e+02
5.420759310995063061e+02
5.329609809117163195e+02
5.239238067376685422e+02
5.149644079766439972e+02
5.060827840452676014e+02
4.972789344088214420e+02
4.885528583701243974e+02
4.799045554063760619e+02
4.713340248132613510e+02
4.628412659831504925e+02
4.544262782551015789e+02
4.460890609566255876e+02
4.378296133350515333e+02
4.296479347579689261e+02
4.215440244857765606e+02
4.135178817800455136e+02
4.055695058888964013e+02
3.976988960464870502e+02
3.899060514802640682e+02
3.821909713342379860e+02
3.745536548408711610e+02
3.669941011751794804e+02
3.595123094639565124e+02
3.521082788364095109e+02
3.447820084397192204e+02
3.375334973351461940e+02
3.303627446396070013e+02
3.232697494251685271e+02
3.162545106883509902e+02
3.093170275279596808e+02
3.024572989544637949e+02
2.956753239681557375e+02
2.889711015669395238e+02
2.823446307340863086e+02
2.757959104433853099e+02
2.693249396602054162e+02
2.629317173394030078e+02
2.566162424413271879e+02
2.503785139084483262e+02
2.442185306626707302e+02
2.381362916828254299e+02
2.321317959044487509e+02
2.262050422946045956e+02
2.203560298238962503e+02
2.145847575015730229e+02
2.088912243115736089e+02
2.032754293371377798e+02
1.977373716576836671e+02
1.922770504092085275e+02
1.868944647858568260e+02
1.815896140512185468e+02
1.763624975530532879e+02
1.712131147381757614e+02
1.661414651680353245e+02
1.611475485391720213e+02
1.562313647079590169e+02
1.513929136909353019e+02
1.466321957593536354e+02
1.419492113919581016e+02
1.373439613886970960e+02
1.328164468250805896e+02
1.283666692311303450e+02
1.239946305288171544e+02
1.197003331659401084e+02
1.154837801758202716e+02
1.113449752791943581e+02
1.072839229900454683e+02
1.033006287431446424e+02
9.939509903587584461e+01
9.556734160410631773e+01
9.181736561203493352e+01
8.814518192760974102e+01
8.455080334037521084e+01
8.103424499196475495e+01
7.759552468671179781e+01
7.423466342659756378e+01
7.095168597398986776e+01
6.774662156611007902e+01
6.461950475604001554e+01
6.157037649127149592e+01
5.859928540409291031e+01
5.570628944178699271e+01
5.289145793639534077e+01
5.015487421224433717e+01
4.749663898727728650e+01
4.491687481343645771e+01
4.241573203333978626e+01
3.999339690378813827e+01
3.765010302425159239e+01
3.538614782389536373e+01
3.320191710434946231e+01
3.109792235022085194e+01
2.907485790260062331e+01
2.713368721044454901e+01
2.527576688153708062e+01
2.350300912876273429e+01
2.181806032953965513e+01
2.022443136126680230e+01
1.872646394037107243e+01
1.732899334732453411e+01
1.603662902310373539e+01
1.485274528278675277e+01
1.377847825082389654e+01
1.281210063635964325e+01
1.194899939698023061e+01
1.118220855941508418e+01
1.050324641324507979e+01
9.902975827427328070e+00
9.372302003841836537e+00
8.902642623980876024e+00
8.486188097197400637e+00
8.116004480990698156e+00
7.786034508727736281e+00
7.491041058512251993e+00
7.226523584457219762e+00
6.988626377242648680e+00
6.774049241324867410e+00
6.579965804550762520e+00
6.403951505608533878e+00
6.243921524935088563e+00
6.098078031674929456e+00
5.964865732482897087e+00
