2.699425376610004035e-01
2.677463346696127844e-01
2.654925514558394983e-01
2.631790184924990839e-01
2.608034657120313349e-01
2.583635171107455109e-01
2.558566850207539822e-01
2.532803640275047563e-01
2.506318245064582673e-01
2.479082057530953564e-01
2.451065086724615871e-01
2.422235880063258184e-01
2.392561440483771118e-01
2.362007138198892187e-01
2.330536616656008753e-01
2.298111692178039234e-01
2.264692246864794811e-01
2.230236114198748676e-01
2.194698956783449062e-01
2.158034135607068138e-01
2.120192570094463491e-01
2.081122588279002705e-01
2.040769766200173363e-01
1.999076755687457796e-01
1.955983099497742850e-01
1.911425032796099932e-01
1.865335269752508296e-01
1.817642773941140211e-01
1.768272511196908314e-01
1.717145183266381159e-01
1.664176940575187724e-01
1.609279072189579440e-01
1.552357670849954796e-01
1.493313270751461808e-01
1.432040455496614018e-01
1.368427433278800176e-01
1.302355576236500778e-01
1.233698920304119734e-01
1.162323621688598346e-01
1.088087365545541280e-01
1.010838721938794038e-01
9.304164436100648139e-02
8.466486993256880367e-02
7.593522360176070685e-02
6.683314618252489403e-02
5.733774413815251325e-02
4.742667934585692580e-02
3.707604798475835212e-02
2.626024728777722264e-02
1.495182872982779229e-02
