4.856029042105792541e+03
4.798446943745819226e+03
4.741207945985308470e+03
4.684312048400463937e+03
4.627759250451555999e+03
4.571549551805715055e+03
4.515682951898097599e+03
4.460159450373613254e+03
4.404979046714684955e+03
4.350141740411727369e+03
4.295647530965456099e+03
4.241496417892024510e+03
4.187688400703192201e+03
4.134223478772167255e+03
4.081101651640715772e+03
4.028322918648994801e+03
3.975887279328134809e+03
3.923794733034666933e+03
3.872045279162845418e+03
3.820638917064221459e+03
3.769575646150647572e+03
3.718855465764677774e+03
3.668478375231124119e+03
3.618444373833411646e+03
3.568753460905260454e+03
3.519405635737701687e+03
3.470400897486300437e+03
3.421739245495758951e+03
3.373420678950406000e+03
3.325445197040711719e+03
3.277812798930197914e+03
3.230523483790363116e+03
3.183577250734344943e+03
3.136974098910874545e+03
3.090714027299799000e+03
3.044797034998755407e+03
2.999223121064072984e+03
2.953992284472386473e+03
2.909104524183653211e+03
2.864559839147150797e+03
2.820358228246693670e+03
2.776499690402685246e+03
2.732984224389790143e+03
2.689811829031176785e+03
2.646982503135795014e+03
2.604496245406040543e+03
2.562353054523045103e+03
2.520552929152192974e+03
2.479095867926300798e+03
2.437981869350672696e+03
2.397210931988352968e+03
2.356783054308381907e+03
2.316698234758481703e+03
2.276956471600762598e+03
2.237557763287796661e+03
2.198502107983345013e+03
2.159789503976466222e+03
2.121419949304880447e+03
2.083393442142794356e+03
2.045709980442287133e+03
2.008369562169211804e+03
1.971372185200064678e+03
1.934717847324228160e+03
1.898406546259945571e+03
1.862438279638698532e+03
1.826813045013003148e+03
1.791530839839077089e+03
1.756591661488644604e+03
1.721995507222029573e+03
1.687742374177893680e+03
1.653832259453714414e+03
1.620265159968678745e+03
1.587041072508136722e+03
1.554159993830431631e+03
1.521621920442272085e+03
1.489426848793092631e+03
1.457574775165093115e+03
1.426065695673188657e+03
1.394899606294435898e+03
1.364076502787794880e+03
1.333596380809603033e+03
1.303459235752598261e+03
1.273665062853744530e+03
1.244213857114892335e+03
1.215105613351612192e+03
1.186340326104139876e+03
1.157917989672146632e+03
1.129838598107588950e+03
1.102102145176366776e+03
1.074708624339116113e+03
1.047658028748813877e+03
1.020950351222239874e+03
9.945855842293095748e+02
9.685637198436080553e+02
9.428847497316163526e+02
9.175486651915178982e+02
8.925554569689957134e+02
8.679051153953851099e+02
8.435976302624137588e+02
8.196329907903019603e+02
7.960111856100620571e+02
7.727322027193011991e+02
7.497960294133422394e+02
7.272026522535309141e+02
7.049520570239985773e+02
6.830442286431476759e+02
6.614791511148587233e+02
6.402568074529159503e+02
6.193771795783434300e+02
5.988402482875665100e+02
5.786459931015410803e+02
5.587943921821529329e+02
5.392854222156747710e+02
5.201190582813876517e+02
5.012952737267871726e+02
4.828140399637036353e+02
4.646753263514181640e+02
4.468790999647662829e+02
4.294253253807868873e+02
4.123139644713721736e+02
3.955449760921489428e+02
3.791183158345215816e+02
3.630339356519328362e+02
3.472917835360981940e+02
3.318918030909071604e+02
3.168339331028240622e+02
3.021181070382334042e+02
2.877442525392732477e+02
2.737122908291019598e+02
2.600221361293779410e+02
2.466736950669761086e+02
2.336668660661835588e+02
2.210015388632081113e+02
2.086775942073093688e+02
1.966949038811214052e+02
1.850533314296427250e+02
1.737527339913944218e+02
1.627929661174674436e+02
1.521738870500882115e+02
1.418953740892141298e+02
1.319573467314671973e+02
1.223598107978022966e+02
1.131029406152490111e+02
1.041872379614857351e+02
9.561385668404149385e+01
8.738530970697284772e+01
7.950709137259987358e+01
7.199139869407612480e+01
6.486488259978507642e+01
5.818113632190840434e+01
5.203067734503614616e+01
4.652836879938907089e+01
4.176674807928306166e+01
3.776711260186843333e+01
3.447338365645332203e+01
3.178456484965960982e+01
2.959057225500797728e+01
2.779272207721803056e+01
2.631038575131821489e+01
2.508051878537693824e+01
2.405473460681574238e+01
2.319609077498719785e+01
2.247633727267779236e+01
2.187376937494226681e+01
2.137161831961709879e+01
2.095686522725705458e+01
2.061937152384429695e+01
2.035124096652993586e+01
2.014634992952549908e+01
1.999999999999975842e+01
