9.602968676494763258e+02
9.502141123172732478e+02
9.401848114325573533e+02
9.302089648561020567e+02
9.202865724462559456e+02
9.104176340588606990e+02
9.006021495472180050e+02
8.908401187619282382e+02
8.811315415510740650e+02
8.714764177598751758e+02
8.618747472308654096e+02
8.523265298035917112e+02
8.428317653148501449e+02
8.333904535983647293e+02
8.240025944848450763e+02
8.146681878018910083e+02
8.053872333739176383e+02
7.961597310221162616e+02
7.869856805642851896e+02
7.778650818149689030e+02
7.687979345850601476e+02
7.597842386820692582e+02
7.508239939098018567e+02
7.419172000683259967e+02
7.330638569539579521e+02
7.242639643591180629e+02
7.155175220722643417e+02
7.068245298777820835e+02
6.981849875559449856e+02
6.895988948827150580e+02
6.810662516297526281e+02
6.725870575642437643e+02
6.641613124488577569e+02
6.557890160415926175e+02
6.474701680956569589e+02
6.392047683594256569e+02
6.309928165762661365e+02
6.228343124844739123e+02
6.147292558171019436e+02
6.066776463018589993e+02
5.986794836609606136e+02
5.907347676110842940e+02
5.828434978631590866e+02
5.750056741222178971e+02
5.672212960873060865e+02
5.594903634513901807e+02
5.518128759011052580e+02
5.441888331166229591e+02
5.366182347715867991e+02
5.291010805329328832e+02
5.216373700605762451e+02
5.142271030075495446e+02
5.068702790195033003e+02
4.995668977348283306e+02
4.923169587842893975e+02
4.851204617909310173e+02
4.779774063698857276e+02
4.708877921281916770e+02
4.638516186646228903e+02
4.568688855694098834e+02
4.499395924242313640e+02
4.430637388018264460e+02
4.362413242659186494e+02
4.294723483709160519e+02
4.227568106618296042e+02
4.160947106739591277e+02
4.094860479327311396e+02
4.029308219534866566e+02
3.964290322412085175e+02
3.899806782904313422e+02
3.835857595849178097e+02
3.772442755974306579e+02
3.709562257896280926e+02
3.647216096117402344e+02
3.585404265023766470e+02
3.524126758883446087e+02
3.463383571844129847e+02
3.403174697931163450e+02
3.343500131045383910e+02
3.284359864961465405e+02
3.225753893325506283e+02
3.167682209653807490e+02
3.110144807330529488e+02
3.053141679607064134e+02
2.996672819599716604e+02
2.940738220288933462e+02
2.885337874518172612e+02
2.830471774993172289e+02
2.776139914281378083e+02
2.722342284811709305e+02
2.669078878874525458e+02
2.616349688622755139e+02
2.564154706072261547e+02
2.512493923103305917e+02
2.461367331463532366e+02
2.410774922769728619e+02
2.360716688511844268e+02
2.311192620057347824e+02
2.262202708656151628e+02
2.213746945447865642e+02
2.165825321468539073e+02
2.118437827660240771e+02
2.071584454881007105e+02
2.025265193918143325e+02
1.979480035501499913e+02
1.934228970320449434e+02
1.889511989042784137e+02
1.845329082336560020e+02
1.801680240894811504e+02
1.758565455464820673e+02
1.715984716879642633e+02
1.673938016096533374e+02
1.632425344238359344e+02
1.591446692642211929e+02
1.551002052914154490e+02
1.511091416991713174e+02
1.471714777214529875e+02
1.432872126404931805e+02
1.394563457959295079e+02
1.356788765952359768e+02
1.319548045255117188e+02
1.282841291669312227e+02
1.246668502080614189e+02
1.211029674632828659e+02
1.175924808926609586e+02
1.141353906246059324e+02
1.107316969817298400e+02
1.073814005105144957e+02
1.040845020151327702e+02
1.008410025963407577e+02
9.765090369611129972e+01
9.451420714898954145e+01
9.143091524126521108e+01
8.840103077937794751e+01
8.542455716904912322e+01
8.250149850716115907e+01
7.963185968865943209e+01
7.681564653128215525e+01
7.405286592155239589e+01
7.134352598627560837e+01
6.868763629467083831e+01
6.608520809757561665e+01
6.353625461175332134e+01
6.104079135943994316e+01
5.859883657590136607e+01
5.621041170144392396e+01
5.387554197924848864e+01
5.159425718661353244e+01
4.936659253677992609e+01
4.719258980073978194e+01
4.507229871705140312e+01
4.300577878439180068e+01
4.099310157200014970e+01
3.903435374528197599e+01
3.712964110067112244e+01
3.527909405557490174e+01
3.348287527323365254e+01
3.174119044962887060e+01
3.005430376747661825e+01
2.842256009321587129e+01
2.684641648378969592e+01
2.532648555324130157e+01
2.386359192168843535e+01
2.245883916061036345e+01
2.111367720538104109e+01
1.982994905237733363e+01
1.860988343617887963e+01
1.745599411768219866e+01
1.637085650019473348e+01
1.535676531081060681e+01
