4.076513618154868901e+00
4.076989103483454002e+00
4.077469825763440525e+00
4.077955870075711253e+00
4.078447323334715158e+00
4.078944274337835907e+00
4.079446813816066886e+00
4.079955034487175780e+00
4.080469031109279499e+00
4.080988900537231956e+00
4.081514741780199351e+00
4.082046656062026990e+00
4.082584746882445437e+00
4.083129120081181895e+00
4.083679883903725383e+00
4.084237149070044204e+00
4.084801028844643689e+00
4.085371639109725450e+00
4.085949098440079474e+00
4.086533528183792896e+00
4.087125052537398773e+00
4.087723798635985339e+00
4.088329896635591432e+00
4.088943479804218128e+00
4.089564684614306778e+00
4.090193650838918948e+00
4.090830521651123597e+00
4.091475443727597749e+00
4.092128567355080015e+00
4.092790046541349369e+00
4.093460039129896089e+00
4.094138706919555837e+00
4.094826215787608525e+00
4.095522735818122761e+00
4.096228441434923262e+00
4.096943511539385518e+00
4.097668129654773672e+00
4.098402484073701224e+00
4.099146768013280706e+00
4.099901179775870652e+00
4.100665922915504247e+00
4.101441206411394980e+00
4.102227244848002385e+00
4.103024258602600227e+00
4.103832474040000733e+00
4.104652123715269774e+00
4.105483446584620388e+00
4.106326688224759103e+00
4.107182101061891188e+00
4.108049944609151183e+00
4.108930485714669345e+00
4.109823998819715385e+00
4.110730766227606026e+00
4.111651078384676694e+00
4.112585234172220439e+00
4.113533541211563893e+00
4.114496316182365554e+00
4.115473885154324662e+00
4.116466583934306200e+00
4.117474758427537296e+00
4.118498765015836227e+00
4.119538970952210555e+00
4.120595754773490604e+00
4.121669506731509891e+00
4.122760629243852115e+00
4.123869537365892235e+00
4.124996659283617362e+00
4.126142436830437354e+00
4.127307326027634282e+00
4.128491797650458039e+00
4.129696337821294527e+00
4.130921448631117876e+00
4.132167648790957770e+00
4.133435474315077407e+00
4.134725479237255641e+00
4.136038236363157594e+00
4.137374338059466083e+00
4.138734397082084904e+00
4.140119047447213596e+00
4.141528945345682722e+00
4.142964770104509142e+00
4.144427225197674147e+00
4.145917039309719776e+00
4.147434967454702637e+00
4.148981792154081916e+00
4.150558324676874022e+00
4.152165406347433141e+00
4.153803909921347071e+00
4.155474741038192477e+00
4.157178839752398325e+00
4.158917182149179936e+00
4.160690782049815795e+00
4.162500692811764047e+00
4.164348009232578640e+00
4.166233869558468861e+00
4.168159457610338237e+00
4.170126005031347560e+00
4.172134793665648544e+00
4.174187158076025028e+00
4.176284488209875967e+00
4.178428232222801242e+00
4.180619899474557144e+00
4.182861063701644788e+00
4.185153366384088969e+00
4.187498520320471762e+00
4.189898313420765241e+00
4.192354612735212704e+00
4.194869368738535442e+00
4.197444619878959671e+00
4.200082497422117811e+00
4.202785230599499933e+00
4.205555152093060300e+00
4.208394703873995724e+00
4.211306443422725643e+00
4.214293050357817982e+00
4.217357333506687844e+00
4.220502238446650622e+00
4.223730855552232377e+00
4.227046428587300397e+00
4.230452363882837297e+00
4.233952240141649170e+00
4.237549818920166800e+00
4.241249055839689142e+00
4.245054112576196914e+00
4.248969369693088360e+00
4.252999440385901941e+00
4.257149185196532848e+00
4.261423727777782666e+00
4.265828471802588062e+00
4.270369119080429599e+00
4.275051688996603261e+00
4.279882539367271477e+00
4.284868388830475716e+00
4.290016340873776812e+00
4.295333909658046956e+00
4.300829047751648204e+00
4.306510175933999207e+00
4.312386215252614896e+00
4.318466621475946177e+00
4.324761422166716329e+00
4.331281256577954153e+00
4.338037418581572879e+00
4.345041902894473118e+00
4.352307454872123671e+00
4.359847624138606825e+00
4.367676822389803704e+00
4.375810385702328276e+00
4.384264641733100376e+00
4.393056982204786465e+00
4.402205941135246547e+00
4.411731279296328800e+00
4.421654075437854381e+00
4.431996824869086637e+00
4.442783546042173626e+00
4.454039895857899722e+00
4.465793294483530573e+00
4.478073060560746832e+00
4.490910557781241152e+00
4.504339353915156607e+00
4.518395393510160396e+00
4.533117185622150380e+00
4.548546008107843264e+00
4.564726130204206811e+00
4.581705055342089494e+00
4.599533786398927404e+00
4.618267115898175845e+00
4.637963944002500227e+00
4.658687627555688771e+00
4.680506363889550769e+00
4.703493613656156924e+00
