2.461990198905799843e+03
2.432726718193360284e+03
2.403638280659703469e+03
2.374724885938914667e+03
2.345986533711075481e+03
2.317423223607952423e+03
2.289034955269334205e+03
2.260821728349872501e+03
2.232783542460832450e+03
2.204920397199837225e+03
2.177232292150351896e+03
2.149719226917362903e+03
2.122381201105753462e+03
2.095218214315484602e+03
2.068230266096653850e+03
2.041417355882385209e+03
2.014779483396276191e+03
1.988316648074054228e+03
1.962028849498929958e+03
1.935916087103678137e+03
1.909978360461473812e+03
1.884215669012169428e+03
1.858628012249773292e+03
1.833215389635398651e+03
1.807977800620063817e+03
1.782915244623278568e+03
1.758027721096117830e+03
1.733315229429207193e+03
1.708777769012941008e+03
1.684415339225359730e+03
1.660227939442789193e+03
1.636215568963681108e+03
1.612378227174113817e+03
1.588715913337172424e+03
1.565228626784102744e+03
1.541916366767355839e+03
1.518779132540705632e+03
1.495816923358143640e+03
1.473029738397891151e+03
1.450417576909458830e+03
1.427980437958229913e+03
1.405718320804334553e+03
1.383631224516836028e+03
1.361719148245747419e+03
1.339982090972116112e+03
1.318420051831949650e+03
1.297033029811664846e+03
1.275821023899245120e+03
1.254784033085652709e+03
1.233922056306868399e+03
1.213235092437336789e+03
1.192723140404032165e+03
1.172386198946170680e+03
1.152224266974524653e+03
1.132237343210871131e+03
1.112425426398845957e+03
1.092788515237103411e+03
1.073326608359560396e+03
1.054039704419041527e+03
1.034927801927907922e+03
1.015990899457613750e+03
9.972289954942746135e+02
9.786420884138827887e+02
9.602301766425066489e+02
9.419932585155531797e+02
9.239313323071934292e+02
9.060443961975956881e+02
8.883324483984715698e+02
8.707954869616980886e+02
8.534335099628290209e+02
8.362465153732433691e+02
8.192345010909220946e+02
8.023974649155516090e+02
7.857354046645810968e+02
7.692483179511152684e+02
7.529362024110841958e+02
7.367990555751702004e+02
7.208368748453347052e+02
7.050496575683033598e+02
6.894374009894968367e+02
6.740001022384109319e+02
6.587377583784503940e+02
6.436503662954941092e+02
6.287379228450499795e+02
6.140004247082672464e+02
5.994378684643427277e+02
5.850502505594103013e+02
5.708375673015539178e+02
5.567998148769097497e+02
5.429369892853594592e+02
5.292490864140007716e+02
5.157361019715650627e+02
5.023980315042308007e+02
4.892348703794994549e+02
4.762466137766445513e+02
4.634332567082645937e+02
4.507947939437037803e+02
4.383312200943266248e+02
4.260425295399780907e+02
4.139287163908954312e+02
4.019897745924703827e+02
3.902256978004867278e+02
3.786364794406919714e+02
3.672221126412900958e+02
3.559825902966175590e+02
3.449179049906070418e+02
3.340280490350021978e+02
3.233130144273350197e+02
3.127727928652792002e+02
3.024073757310390533e+02
2.922167540907705643e+02
2.822009186923655761e+02
2.723598599634523225e+02
2.626935680229112791e+02
2.532020326754526707e+02
2.438852434559627511e+02
2.347431896217464100e+02
2.257758602119770046e+02
2.169832440933150508e+02
2.083653300190570690e+02
1.999221067251686179e+02
1.916535630506309360e+02
1.835596880927529355e+02
1.756404714045926312e+02
1.678959032919354399e+02
1.603259751216594680e+02
1.529306798331377024e+02
1.457100125033884979e+02
1.386639711569335986e+02
1.317925578336904096e+02
1.250957799596631617e+02
1.185736522779712203e+02
1.122261993479259417e+02
1.060534590536732225e+02
1.000554874032165600e+02
9.423236527162784171e+01
8.858420799054107420e+01
8.311117926793960464e+01
7.781351182499626873e+01
7.269153886646807905e+01
6.774574372215165852e+01
6.297684151792111606e+01
5.838592003155029175e+01
5.397469335033904514e+01
4.974596926799276275e+01
4.570449495632766457e+01
4.185836876434353826e+01
3.822101178846675396e+01
3.481299992362577456e+01
3.166189301416009627e+01
2.879775009449675238e+01
2.624429348833781006e+01
2.400999631198733297e+01
2.208465388555487152e+01
2.044280215082170571e+01
1.905062827809589621e+01
1.787240661289750676e+01
1.687464279579522497e+01
1.602799996886761136e+01
1.530776651086652507e+01
1.469357268686427354e+01
1.416881165769203577e+01
1.372000500420400115e+01
1.333621931737216038e+01
1.300856996260266563e+01
1.272981534785043145e+01
1.249403193886657526e+01
1.229635655039719921e+01
1.213278275268960726e+01
1.200000000000040856e+01
