1.448074498990167172e+02
1.435691738563967021e+02
1.423362769344187484e+02
1.411087594234375331e+02
1.398866216201547275e+02
1.386698638277875943e+02
1.374584863562494377e+02
1.362524895224170223e+02
1.350518736501931016e+02
1.338566390708302265e+02
1.326667861230311587e+02
1.314823151532702639e+02
1.303032265159060046e+02
1.291295205735177376e+02
1.279611976970148675e+02
1.267982582660169868e+02
1.256407026690201718e+02
1.244885313036630663e+02
1.233417445770262901e+02
1.222003429059378590e+02
1.210643267172037270e+02
1.199336964479302452e+02
1.188084525458622238e+02
1.176885954696801093e+02
1.165741256893566060e+02
1.154650436864793193e+02
1.143613499546666077e+02
1.132630449998694218e+02
1.121701293408190878e+02
1.110826035093846258e+02
1.100004680510390926e+02
1.089237235252778504e+02
1.078523705060607654e+02
1.067864095823072859e+02
1.057258413583539891e+02
1.046706664544882841e+02
1.036208855074484063e+02
1.025764991710343566e+02
1.015375081166149300e+02
1.005039130337303845e+02
9.947571463078210741e+01
9.845291363556816577e+01
9.743551079606021403e+01
9.642350688100866307e+01
9.541690268077388737e+01
9.441569900798546655e+01
9.341989669842570265e+01
9.242949661175947540e+01
9.144449963249539337e+01
9.046490667082298387e+01
8.949071866354491078e+01
8.852193657511520541e+01
8.755856139861111842e+01
8.660059415682458450e+01
8.564803590336157413e+01
8.470088772383626008e+01
8.375915073708235070e+01
8.282282609640728310e+01
8.189191499099702298e+01
8.096641864724544746e+01
8.004633833021340195e+01
7.913167534526277791e+01
7.822243103956513721e+01
7.731860680380582096e+01
7.642020407400974591e+01
7.552722433333552488e+01
7.463966911404556015e+01
7.375753999956889118e+01
7.288083862659263445e+01
7.200956668738271560e+01
7.114372593211420792e+01
7.028331817137198811e+01
6.942834527877100470e+01
6.857880919373508277e+01
6.773471192434178079e+01
6.689605555047289442e+01
6.606284222693847141e+01
6.523507418695587035e+01
6.441275374566242817e+01
6.359588330395339284e+01
6.278446535243807602e+01
6.197850247563646775e+01
6.117799735648176807e+01
6.038295278098123475e+01
5.959337164319440205e+01
5.880925695051535484e+01
5.803061182921369721e+01
5.725743953039813050e+01
5.648974343619145344e+01
5.572752706641094278e+01
5.497079408558998637e+01
5.421954831042829426e+01
5.347379371775542012e+01
5.273353445292010377e+01
5.199877483876288409e+01
5.126951938515416884e+01
5.054577279908328791e+01
4.982753999555494318e+01
4.911482610901409629e+01
4.840763650566145060e+01
4.770597679655167411e+01
4.700985285155506688e+01
4.631927081433663318e+01
4.563423711829604201e+01
4.495475850366662485e+01
4.428084203582726985e+01
4.361249512486713797e+01
4.294972554662398778e+01
4.229254146519155455e+01
4.164095145712387591e+01
4.099496453742134605e+01
4.035459018745478232e+01
3.971983838501985531e+01
3.909071963668990435e+01
3.846724501262908547e+01
3.784942618424121008e+01
3.723727546462897209e+01
3.663080585238680698e+01
3.603003107889802692e+01
3.543496565944167997e+01
3.484562494853801695e+01
3.426202519983152683e+01
3.368418363100820301e+01
3.311211849417457387e+01
3.254584915219999885e+01
3.198539616164793742e+01
3.143078136280454515e+01
3.088202797757269380e+01
3.033916071590812891e+01
2.980220589164206402e+01
2.927119154847508042e+01
2.874614759720213542e+01
2.822710596507774383e+01
2.771410075844582011e+01
2.720716843980364175e+01
2.670634802048378376e+01
2.621168127024515826e+01
2.572321294503391087e+01
2.524099103422749124e+01
2.476506702859357745e+01
2.429549621009376281e+01
2.383233796448358532e+01
2.337565611736383886e+01
2.292551929386931420e+01
2.248200130159103338e+01
2.204518153546052517e+01
2.161514540217757130e+01
2.119198476032034506e+01
2.077579837037363220e+01
2.036669234667526140e+01
1.996478060048471193e+01
1.957018526024236849e+01
1.918303705148649385e+01
1.880347561514679811e+01
1.843164973913750160e+01
1.806771747476781442e+01
1.771184610688481342e+01
1.736421194551659042e+01
1.702499990768268390e+01
1.669440286169906429e+01
1.637262071334944835e+01
1.605985922405678679e+01
1.575632856576257801e+01
1.546224163524914808e+01
1.517781217107564906e+01
1.490325273778366189e+01
1.463877266255056142e+01
1.438457602692491655e+01
1.414085982854800783e+01
1.390781243317500326e+01
