1.731620773001971147e-01
1.713132391637691154e-01
1.694325997461701705e-01
1.675193109797551705e-01
1.655724957746989023e-01
1.635912468548633703e-01
1.615746255410179244e-01
1.595216604783432635e-01
1.574313463058467089e-01
1.553026422636361592e-01
1.531344707362532476e-01
1.509257157272667071e-01
1.486752212631962111e-01
1.463817897197324525e-01
1.440441800708124609e-01
1.416611060521649479e-01
1.392312342372241107e-01
1.367531820179306024e-01
1.342255154891178193e-01
1.316467472281397377e-01
1.290153339621394890e-01
1.263296741228205067e-01
1.235881052753026454e-01
1.207889014194955812e-01
1.179302701498499556e-01
1.150103496744349363e-01
1.120272056761728863e-01
1.089788280118496322e-01
1.058631272376524268e-01
1.026779309507798998e-01
9.942097993593213001e-02
9.608992410604583201e-02
9.268231821912080448e-02
8.919561736663207674e-02
8.562717221012428048e-02
8.197422395207412671e-02
7.823389903023464376e-02
7.440320350664103577e-02
7.047901714134356677e-02
6.645808712360025405e-02
6.233702143930889422e-02
5.811228185487883613e-02
5.378017648022396374e-02
4.933685189633898321e-02
4.477828480433861807e-02
4.010027317234456101e-02
3.529842683810365672e-02
3.036815753214138283e-02
2.530466827854040840e-02
2.010294212829002308e-02
