8.658102183514424723e+02
8.554262382532095899e+02
8.451052677051455930e+02
8.348473063280656561e+02
8.246523540901642946e+02
8.145204107179638413e+02
8.044514758797295144e+02
7.944455494685904569e+02
7.845026312342903339e+02
7.746227209116725589e+02
7.648058182628029726e+02
7.550519230377565236e+02
7.453610349826690253e+02
7.357331538330239482e+02
7.261682793385448349e+02
7.166664112325194083e+02
7.072275492470787412e+02
6.978516930196761905e+02
6.885388423390187427e+02
6.792889969356685924e+02
6.701021563927041598e+02
6.609783205566379820e+02
6.519174889292695525e+02
6.429196613665835685e+02
6.339848373975106597e+02
6.251130167805101792e+02
6.163041991482466528e+02
6.075583841005382055e+02
5.988755713123873647e+02
5.902557604232443964e+02
5.816989510527574794e+02
5.732051427992466870e+02
5.647743352717943708e+02
5.564065280652898764e+02
5.481017207604306805e+02
5.398599129481848422e+02
5.316811041941549547e+02
5.235652940285009436e+02
5.155124819962177298e+02
5.075226676566649644e+02
4.995958505247389780e+02
4.917320300792435432e+02
4.839312058798083740e+02
4.761933773312995299e+02
4.685185439835575494e+02
4.609067052471434067e+02
4.533578605761770746e+02
4.458720094308014268e+02
4.384491512169660155e+02
4.310892852901394008e+02
4.237924110916550262e+02
4.165585279855616818e+02
4.093876353256106313e+02
4.022797324502548122e+02
3.952348186832654733e+02
3.882528933329065808e+02
3.813339557001856974e+02
3.744780050014252311e+02
3.676850405333079834e+02
3.609550615241909099e+02
3.542880671817838447e+02
3.476840566710830558e+02
3.411430292185816597e+02
3.346649838854469863e+02
3.282499198802680098e+02
3.218978362321742566e+02
3.156087320772318776e+02
3.093826064548208024e+02
3.032194583413756845e+02
2.971192867977118794e+02
2.910820907856311237e+02
2.851078692448064089e+02
2.791966210971460782e+02
2.733483452334031654e+02
2.675630405159903376e+02
2.618407057785925076e+02
2.561813398245872122e+02
2.505849414238435884e+02
2.450515093269767135e+02
2.395810422263297710e+02
2.341735387925087366e+02
2.288289976857798536e+02
2.235474174961582037e+02
2.183287968043017599e+02
2.131731341497588232e+02
2.080804280364914973e+02
2.030506769248521550e+02
1.980838792647726905e+02
1.931800334570603184e+02
1.883391378334480351e+02
1.835611907667558000e+02
1.788461905491354571e+02
1.741941354444743126e+02
1.696050236958029984e+02
1.650788535146429012e+02
1.606156230934606697e+02
1.562153305997688619e+02
1.518779741781994517e+02
1.476035519571121029e+02
1.433920620756491076e+02
1.392435026651245948e+02
1.351578718368409397e+02
1.311351677655274841e+02
1.271753885959317074e+02
1.232785325683452413e+02
1.194445979383466891e+02
1.156735830437305879e+02
1.119654863279099573e+02
1.083203063359985663e+02
1.047380417662876653e+02
1.012186914966140847e+02
9.776225462766102225e+01
9.436873052850147303e+01
9.103811889297335824e+01
8.777041981377635693e+01
8.456563382604998935e+01
8.142376206824098972e+01
7.834480632825170687e+01
7.532876921376161761e+01
7.237565429803258610e+01
6.948546630916011679e+01
6.665821138848696137e+01
6.389389733944577188e+01
6.119253399087119050e+01
5.855413361100416836e+01
5.597871143791423520e+01
5.346628631425797096e+01
5.101688150190112481e+01
4.863052568181966961e+01
4.630725428899989993e+01
4.404711114319154319e+01
4.185015063736872065e+01
3.971644061651624469e+01
3.764606624780596889e+01
3.563913533789900612e+01
3.369578582615355344e+01
3.181619656651490402e+01
3.000060321410196451e+01
2.824932192042923518e+01
2.656278468234021517e+01
2.494159098251371631e+01
2.338657964880549045e+01
2.189892056142349830e+01
2.048021501339949069e+01
1.913257463106981504e+01
1.785862539676426053e+01
1.666136867133558042e+01
1.554384703984699634e+01
1.450862537830381882e+01
1.355719149651359956e+01
1.268945163081098748e+01
1.190348516729964423e+01
1.119562548623753351e+01
1.056081096275786635e+01
9.993074561195248506e+00
9.486037731553629726e+00
9.033319590813308153e+00
8.628826729175463228e+00
8.266928142867053353e+00
7.942538779037623620e+00
7.651139282261794072e+00
7.388755962029438074e+00
7.151918942149885439e+00
6.937610626159012028e+00
6.743212020771891524e+00
6.566451217807637519e+00
6.405356212525698645e+00
6.258212929623140575e+00
6.123528571623985783e+00
5.999999999999817035e+00
