9.602968677730358422e+02
9.487780824313523453e+02
9.373291151262071708e+02
9.259499656424382010e+02
9.146406338041967956e+02
9.034011193166911653e+02
8.922314219916557931e+02
8.811315416595072065e+02
8.701014779664590151e+02
8.591412308189329678e+02
8.482507998499844462e+02
8.374301849020328063e+02
8.266793857190115205e+02
8.159984019588803221e+02
8.053872334389741354e+02
7.948458798988624494e+02
7.843743410370440188e+02
7.739726165804469247e+02
7.636407062432011799e+02
7.533786097349938018e+02
7.431863267610414141e+02
7.330638570134901784e+02
7.230112002066750847e+02
7.130283560450527602e+02
7.031153240857812534e+02
6.932721041024294664e+02
6.834986957933774647e+02
6.737950986689280626e+02
6.641613125546784886e+02
6.545973368974816822e+02
6.451031715065506660e+02
6.356788158799730581e+02
6.263242696988601210e+02
6.170395325586467834e+02
6.078246040612780234e+02
5.986794837259539008e+02
5.896041712019271017e+02
5.805986660431951805e+02
5.716629678052245254e+02
5.627970760356203073e+02
5.540009902737851917e+02
5.452747100470006671e+02
5.366182348292487632e+02
5.280315641652211980e+02
5.195146975617325324e+02
5.110676344723401030e+02
5.026903743467830736e+02
4.943829167039291406e+02
4.861452608889647422e+02
4.779774064282240715e+02
4.698793526613619633e+02
4.618510990305430823e+02
4.538926449196412136e+02
4.460039896766857623e+02
4.381851326620630402e+02
4.304360732281712103e+02
4.227568106982698737e+02
4.151473443757656696e+02
4.076076735502529687e+02
4.001377974963192514e+02
3.927377154732415079e+02
3.854074267350682135e+02
3.781469304325109988e+02
3.709562258261743182e+02
3.638353120942260830e+02
3.567841883834606165e+02
3.498028538275270876e+02
3.428913075745490460e+02
3.360495486858641812e+02
3.292775762700941300e+02
3.225753893873870766e+02
3.159429870098464335e+02
3.093803682209450585e+02
3.028875319822724350e+02
2.964644772603997467e+02
2.901112029958708263e+02
2.838277081023467758e+02
2.776139914654499421e+02
2.714700519769862694e+02
2.653958884779548839e+02
2.593914997912637546e+02
2.534568847263783766e+02
2.475920420610589474e+02
2.417969705228417183e+02
2.360716688789323143e+02
2.304161358266321145e+02
2.248303700610497629e+02
2.193143702566831905e+02
2.138681350850320939e+02
2.084916631415276242e+02
2.031849531051421707e+02
1.979480035754862115e+02
1.927808131649530594e+02
1.876833804668394805e+02
1.826557041040867091e+02
1.776977826865082761e+02
1.728096148452356147e+02
1.679911992020721812e+02
1.632425344434404053e+02
1.585636192716955009e+02
1.539544524446476998e+02
1.494150327568527814e+02
1.449453590942629830e+02
1.405454304358457307e+02
1.362152458450148629e+02
1.319548045418148661e+02
1.277641058906518339e+02
1.236431494221055942e+02
1.195919349214067751e+02
1.156104624147567677e+02
1.116987322308737021e+02
1.078567450633076135e+02
1.040845020278497373e+02
1.003820047368484296e+02
9.674925538961845461e+01
9.318625684907176776e+01
8.969301281294433181e+01
8.626952790033247709e+01
8.291580785463958136e+01
7.963185969851612356e+01
7.641769204160186746e+01
7.327331528708891994e+01
7.019874201442154060e+01
6.719398737614056927e+01
6.425906958416771886e+01
6.139401054726168638e+01
5.859883658630397463e+01
5.587357936341639686e+01
5.321827705280784215e+01
5.063297577019158524e+01
4.811773143065191505e+01
4.567261213105143014e+01
4.329770124788247188e+01
4.099310157832780988e+01
3.875894092323904516e+01
3.659537984711194269e+01
3.450262270888149629e+01
3.248093380003292907e+01
3.053066143139939825e+01
2.865227436702499375e+01
2.684641648916918300e+01
2.511398628364610275e+01
2.345624486768165440e+01
2.187494615917173846e+01
2.037246099702817403e+01
1.895183443953670022e+01
1.761668500511345670e+01
1.637085650358851296e+01
1.521780030504792514e+01
1.415979561685722032e+01
1.319723857304286518e+01
1.232824791561328936e+01
1.154871224051076162e+01
1.085272135678648020e+01
1.023320130424226626e+01
9.682560724861279056e+00
9.193221300863296364e+00
8.757984985892338869e+00
8.370247155983648213e+00
8.024090488623389916e+00
7.714298394055267849e+00
7.436320479178834653e+00
7.186213406512300672e+00
6.960572299129798246e+00
6.756461678151585382e+00
6.571350748853164170e+00
6.403055237211138895e+00
6.249686444705564448e+00
6.109607348881505473e+00
5.981395166647330619e+00
