6.420266901604810528e+01
6.315450118109323796e+01
6.211492802110409173e+01
6.108394903757150729e+01
6.006156363418153177e+01
5.904777119772963090e+01
5.804257112300501831e+01
5.704596277726895437e+01
5.605794550990940905e+01
5.507851865299012672e+01
5.410768147285630647e+01
5.314543330440631763e+01
5.219177338458145243e+01
5.124670096650326911e+01
5.031021526003298305e+01
4.938231545474504713e+01
4.846300071515160823e+01
4.755227017813463419e+01
4.665012295206376081e+01
4.575655811569801301e+01
4.487157471683415366e+01
4.399517177074448426e+01
4.312734825830266061e+01
4.226810312903187850e+01
4.141743528739890223e+01
4.057534360893544090e+01
3.974182692102849757e+01
3.891688399715226865e+01
3.810051359436971552e+01
3.729271440972998164e+01
3.649348509569911414e+01
3.570282421461942590e+01
3.492073033818203243e+01
3.414720195722347995e+01
3.338223744822694528e+01
3.262583521971824752e+01
3.187799354655447104e+01
3.113871064602711058e+01
3.040798469224735001e+01
2.968581371692906501e+01
2.897219575237970446e+01
2.826712865599695945e+01
2.757061027222276905e+01
2.688263828879150807e+01
2.620321031363075548e+01
2.553232385483432054e+01
2.486997626145438645e+01
2.421616480387542225e+01
2.357088659896519545e+01
2.293413861192694014e+01
2.230591766818766430e+01
2.168622041998950678e+01
2.107504335929208850e+01
2.047238277950074448e+01
1.987823477349138912e+01
1.929259521987309611e+01
1.871545976384628673e+01
1.814682379867358009e+01
1.758668245037921807e+01
1.703503054112559312e+01
1.649186258683076289e+01
1.595717273200509112e+01
1.543095477588417985e+01
1.491320209070655167e+01
1.440390758653477121e+01
1.390306369997927405e+01
1.341066230515608915e+01
1.292669469019129380e+01
1.245115148485350254e+01
1.198402256967419355e+01
1.152529703100963410e+01
1.107496303294509055e+01
1.063300773618066586e+01
1.019941715059546539e+01
9.774176015281986096e+00
9.357267610775338085e+00
8.948673573852067520e+00
8.548373657707417195e+00
8.156345478718030506e+00
7.772564133928160146e+00
7.397001909792598973e+00
7.029627721147511998e+00
6.670406585387190113e+00
6.319298942607654013e+00
5.976259807423590864e+00
5.641237744076991412e+00
5.314173571443154387e+00
4.994998882817642816e+00
4.683634023917012001e+00
4.379985780426321362e+00
4.083944430480110910e+00
3.795380169816277238e+00
3.514138778455591083e+00
3.240036434232620000e+00
2.972853518221901581e+00
2.712327622313855269e+00
2.458145365674262894e+00
2.209933520409115282e+00
1.967249386153339108e+00
1.729570715770873512e+00
