8.297526399371032824e+01
8.164892745122058670e+01
8.033320313163837056e+01
7.902809036830295497e+01
7.773358847511038050e+01
7.644969674618839406e+01
7.517641445482668416e+01
7.391374085290365770e+01
7.266167516993515108e+01
7.142021661229982499e+01
7.018936436228871401e+01
6.896911757717690250e+01
6.775947538823174909e+01
6.656043689967863486e+01
6.537200118759928102e+01
6.419416729878254557e+01
6.302693424954295409e+01
6.187030102440687784e+01
6.072426657481359769e+01
5.958882981772792675e+01
5.846398963408302762e+01
5.734974486735728050e+01
5.624609432177381763e+01
5.515303676071400929e+01
5.407057090477827899e+01
5.299869542992016136e+01
5.193740896533171281e+01
5.088671009142311163e+01
4.984659733739016474e+01
4.881706917886823049e+01
4.779812403537223986e+01
4.678976026748377137e+01
4.579197617414430965e+01
4.480476998943237277e+01
4.382813987938011735e+01
4.286208393842581188e+01
4.190660018588253877e+01
4.096168656178119249e+01
4.002734092293130885e+01
3.910356103823313845e+01
3.819034458394383336e+01
3.728768913867725132e+01
3.639559217776002242e+01
3.551405106745963991e+01
3.464306305864836588e+01
3.378262528003981657e+01
3.293273473091304027e+01
3.209338827327576382e+01
3.126458262339410155e+01
3.044631434273192383e+01
2.963857982802514357e+01
2.884137530068750266e+01
2.805469679512796333e+01
2.727854014641119207e+01
2.651290097642299415e+01
2.575777467910835128e+01
2.501315640426286535e+01
2.427904103984959150e+01
2.355542319262649187e+01
2.284229716691483247e+01
2.213965694127209005e+01
2.144749614279591299e+01
2.076580801883963545e+01
2.009458540565037765e+01
1.943382069366846565e+01
1.878350578897399004e+01
1.814363207035298586e+01
1.751419034136589659e+01
1.689517077655093047e+01
1.628656286135931097e+01
1.568835532404023958e+01
1.510053605901522999e+01
1.452309203992495945e+01
1.395600922063867877e+01
1.339927242229857285e+01
1.285286520382263475e+01
1.231676971285667044e+01
1.179096651354970682e+01
1.127543438655451702e+01
1.077015009577642424e+01
1.027508811495834351e+01
9.790220305516029953e+00
9.315515534894831973e+00
8.850939221917800026e+00
8.396452791952127015e+00
7.952013020217546746e+00
7.517571235297894283e+00
7.093072347480833706e+00
6.678453656352667522e+00
6.273643379774365592e+00
5.878558830661318346e+00
5.493104149383404078e+00
5.117167477299508604e+00
4.750617433705868642e+00
4.393298733655966792e+00
4.045026764999025026e+00
3.705580930721562360e+00
3.374696569828906423e+00
3.052055298907593528e+00
2.737273677776794312e+00
