3.040143237537615278e+03
3.003986710538431453e+03
2.968046291230267343e+03
2.932321979273335273e+03
2.896813774332934827e+03
2.861521675956420950e+03
2.826445683942910364e+03
2.791585797839009501e+03
2.756942017240794030e+03
2.722514341815278385e+03
2.688302771164388560e+03
2.654307304905828460e+03
2.620527942587496909e+03
2.586964683787231934e+03
2.553617528125301760e+03
2.520486475163686009e+03
2.487571524379265156e+03
2.454872675415809681e+03
2.422389927675349099e+03
2.390123280809762036e+03
2.358072734246150048e+03
2.326238287497445981e+03
2.294619940038535788e+03
2.263217691363307495e+03
2.232031540927400783e+03
2.201061488154227391e+03
2.170307532488655852e+03
2.139769673325889016e+03
2.109447910125602903e+03
2.079342242185753094e+03
2.049452668970106515e+03
2.019779189771504207e+03
1.990321804013430437e+03
1.961080510864324197e+03
1.932055309769790711e+03
1.903246199941427903e+03
1.874653180692810110e+03
1.846276251250547602e+03
1.818115410864860451e+03
1.790170658700237709e+03
1.762441994006753930e+03
1.734929415840651473e+03
1.707632923468689114e+03
1.680552515944763400e+03
1.653688192366952308e+03
1.627039951814879942e+03
1.600607793325879129e+03
1.574391715920560728e+03
1.548391718586304023e+03
1.522607800277377692e+03
1.497039959968246649e+03
1.471688196444955338e+03
1.446552508696874838e+03
1.421632895495229604e+03
1.396929355649215267e+03
1.372441887912471429e+03
1.348170491067293369e+03
1.324115163702975224e+03
1.300275904552650672e+03
1.276652712192794070e+03
1.253245585187455617e+03
1.230054522094370213e+03
1.207079521290842649e+03
1.184320581305830274e+03
1.161777700481037982e+03
1.139450877107892438e+03
1.117340109496375817e+03
1.095445395856988171e+03
1.073766734341636038e+03
1.052304123055866967e+03
1.031057560022099096e+03
1.010027043216770721e+03
9.892125705354775391e+02
9.686141398392396695e+02
9.482317488198895035e+02
9.280653952298700915e+02
9.081150766345929242e+02
8.883807905696967282e+02
8.688625344589992210e+02
8.495603056347096071e+02
8.304741013692492970e+02
8.116039188023896713e+02
7.929497549829483205e+02
7.745116068654715491e+02
7.562894712651117288e+02
7.382833449293738113e+02
7.204932244129164474e+02
7.029191062435767208e+02
6.855609866966025265e+02
6.684188620295734609e+02
6.514927283099981423e+02
6.347825814411799001e+02
6.182884171536283020e+02
6.020102311064135847e+02
5.859480186886391948e+02
5.701017751958785311e+02
5.544714956906383350e+02
5.390571750702299596e+02
5.238588080352870975e+02
5.088763890769858449e+02
4.941099124760437462e+02
4.795593723138450741e+02
4.652247624010707341e+02
4.511060763769486357e+02
4.372033076058162351e+02
4.235164491974725252e+02
4.100454940481870949e+02
3.967904347790455404e+02
3.837512637250891885e+02
3.709279730142865219e+02
3.583205544782801439e+02
3.459289997107773047e+02
3.337533000498584101e+02
3.217934465984645271e+02
3.100494302421971042e+02
2.985212416744991515e+02
2.872088714256901198e+02
2.761123099145495985e+02
2.652315475214554681e+02
2.545665746384011641e+02
2.441173818048072803e+02
2.338839598315572346e+02
2.238662999735981316e+02
2.140643941617142332e+02
2.044782352948942332e+02
1.951078176068621133e+02
1.859531371939416999e+02
1.770141925935293443e+02
1.682909856792984726e+02
1.597835227157684699e+02
1.514918158236801844e+02
1.434158848896013296e+02
1.355557602183355641e+02
1.279114860080332363e+02
1.204831252459630520e+02
1.132707664994574515e+02
1.062745335300948142e+02
9.949459917288704958e+01
9.293120589668062337e+01
8.658469679755559412e+01
8.045556413082236702e+01
7.454452817210881221e+01
6.885267182937764119e+01
6.338168369965761428e+01
5.813432003555473671e+01
5.311530424537600226e+01
4.833302620832308349e+01
4.380240437933092323e+01
3.954859239266230020e+01
3.560918543285777105e+01
3.203018109436574434e+01
2.885271346189376018e+01
2.609621853821031578e+01
2.374989718307686815e+01
2.177754352545166583e+01
2.012964623744685611e+01
1.875450098702714286e+01
1.760482234765343534e+01
1.664035174471788636e+01
1.582810624272334188e+01
1.514158353159833581e+01
1.455966455977752716e+01
1.406555063232941549e+01
1.364585469317070299e+01
1.328986759802906903e+01
1.298898198523565206e+01
1.273624571541778216e+01
1.252601732864779827e+01
1.235370012447229193e+01
1.221553622972815489e+01
