1.576114456547313409e+02
1.562505982887229550e+02
1.548957084099013741e+02
1.535467762974479626e+02
1.522038022366907626e+02
1.508667865193264106e+02
1.495357294435299309e+02
1.482106313142070348e+02
1.468914924430911242e+02
1.455783131490637743e+02
1.442710937582510553e+02
1.429698346043149115e+02
1.416745360285416098e+02
1.403851983802308041e+02
1.391018220168410551e+02
1.378244073041740023e+02
1.365529546167382762e+02
1.352874643379562940e+02
1.340279368603764283e+02
1.327743725860622703e+02
1.315267719267579594e+02
1.302851353042967446e+02
1.290494631508114196e+02
1.278197559091178874e+02
1.265960140329949013e+02
1.253782379876249138e+02
1.241664282498084617e+02
1.229605853084214715e+02
1.217607096648203395e+02
1.205668018331655702e+02
1.193788623408952105e+02
1.181968917291043226e+02
1.170208905530436567e+02
1.158508593825497854e+02
1.146867988025363019e+02
1.135287094134944539e+02
1.123765918320171124e+02
1.112304466913312382e+02
1.100902746418897209e+02
1.089560763519367157e+02
1.078278525080812926e+02
1.067056038160257003e+02
1.055893310011639414e+02
1.044790348093061567e+02
1.033747160073323101e+02
1.022763753840466308e+02
1.011840137509020821e+02
1.000976319427941803e+02
9.901723081899244505e+01
9.794281126393302372e+01
9.687437418826277735e+01
9.581192052968887651e+01
9.475545125410700109e+01
9.370496735658066711e+01
9.266046986246810491e+01
9.162195982865053168e+01
9.058943834463275380e+01
8.956290653389285694e+01
8.854236555519929652e+01
8.752781660398864005e+01
8.651926091381444905e+01
8.551669975790856881e+01
8.452013445076116227e+01
8.352956634980600370e+01
8.254499685718350577e+01
8.156642742159226600e+01
8.059385954022503995e+01
7.962729476082994040e+01
7.866673468382300882e+01
7.771218096456298952e+01
7.676363531571510634e+01
7.582109950972866841e+01
7.488457538150220216e+01
7.395406483109549356e+01
7.302956982666539432e+01
7.211109240751572713e+01
7.119863468735994161e+01
7.029219885767507492e+01
6.939178719136519646e+01
6.849740204647397945e+01
6.760904587029351376e+01
6.672672120349308500e+01
6.585043068469001071e+01
6.498017705513737496e+01
6.411596316371907278e+01
6.325779197231516093e+01
6.240566656137809787e+01
6.155959013588680762e+01
6.071956603169181932e+01
5.988559772219934985e+01
5.905768882548489529e+01
5.823584311185192064e+01
5.742006451188257188e+01
5.661035712494243910e+01
5.580672522828739801e+01
5.500917328674361784e+01
5.421770596297510281e+01
5.343232812852924951e+01
5.265304487549845192e+01
5.187986152904527160e+01
5.111278366075978852e+01
5.035181710291035273e+01
4.959696796372593042e+01
4.884824264370605817e+01
4.810564785310006641e+01
4.736919063068253166e+01
4.663887836378878404e+01
4.591471880990282273e+01
4.519672011981023729e+01
4.448489086244772750e+01
4.377924005168839727e+01
4.307977717510156168e+01
4.238651222497706073e+01
4.169945573175117204e+01
4.101861880003852434e+01
4.034401314756923540e+01
3.967565114721033126e+01
3.901354587244203032e+01
3.835771114651781488e+01
3.770816159575198867e+01
3.706491270720854203e+01
3.642798089130941719e+01
3.579738354977531856e+01
3.517313914939441588e+01
3.455526730227133214e+01
3.394378885303501647e+01
3.333872597382094227e+01
3.274010226769850362e+01
3.214794288140999612e+01
3.156227462824241670e+01
3.098312612221090490e+01
3.041052792431592167e+01
2.984451270240897713e+01
2.928511540560612403e+01
2.873237345485058825e+01
2.818632695092450646e+01
2.764701890152617381e+01
2.711449546897209117e+01
2.658880624019349881e+01
2.607000452063179807e+01
2.555814765364887009e+01
2.505329736686364939e+01
2.455552014661614635e+01
2.406488764133430536e+01
2.358147709397734104e+01
2.310537180288139680e+01
2.263666160913704317e+01
2.217544340706023576e+01
2.172182167223968818e+01
2.127590899909101907e+01
2.083782663656081979e+01
2.040770500685717082e+01
1.998568418762329557e+01
1.957191433305436590e+01
1.916655600435449003e+01
1.876978037492446916e+01
1.838176927144109030e+01
1.800271500915813050e+01
1.763281997931962763e+01
1.727229594938958712e+01
1.692136304388576562e+01
1.658024838560382008e+01
1.624918439430687300e+01
1.592840676223416274e+01
1.561815215202390661e+01
1.531865569102488145e+01
1.503014836392814857e+01
1.475285443018161224e+01
1.448698901070533118e+01
1.423275599740074071e+01
