5.379911812592222304e+03
5.316096061007587195e+03
5.252660478991070704e+03
5.189605066130423438e+03
5.126929821953345709e+03
5.064634746058427481e+03
5.002719837952313355e+03
4.941185097236939328e+03
4.880030523354457728e+03
4.819256115821944150e+03
4.758861874232034097e+03
4.698847797994623761e+03
4.639213886642143734e+03
4.579960139608084319e+03
4.521086556372849373e+03
4.462593136346395113e+03
4.404479878966895740e+03
4.346746783654434694e+03
4.289393849829291867e+03
4.232421076779338364e+03
4.175828463996696883e+03
4.119616010724322223e+03
4.063783716378031841e+03
4.008331580176674834e+03
3.953259601513697817e+03
3.898567779632185648e+03
3.844256113787087997e+03
3.790324603226369163e+03
3.736773247164960139e+03
3.683602044801141801e+03
3.630810995311394890e+03
3.578400097849055328e+03
3.526369351556616039e+03
3.474718755522858828e+03
3.423448308835655553e+03
3.372558010550363178e+03
3.322047859688360859e+03
3.271917855266827701e+03
3.222167996246874736e+03
3.172798281567436334e+03
3.123808710142270684e+03
3.075199280848170474e+03
3.026969992533247023e+03
2.979120844000928173e+03
2.931651834028946723e+03
2.884562961379033823e+03
2.837854224680221705e+03
2.791525622656424730e+03
2.745577153866158824e+03
2.700008816945661238e+03
2.654820610358287922e+03
2.610012532621085938e+03
2.565584582187255364e+03
2.521536757335817128e+03
2.477869056470257874e+03
2.434581477895591433e+03
2.391674019681395293e+03
2.349146680116436983e+03
2.306999457247936334e+03
2.265232349036768483e+03
2.223845353510374480e+03
2.182838468525426379e+03
2.142211691869789320e+03
2.101965021308769792e+03
2.062098454432501512e+03
2.022611988836293449e+03
1.983505621988187841e+03
1.944779351255487427e+03
1.906433173918717557e+03
1.868467087149739882e+03
1.830881088027998658e+03
1.793675173491636542e+03
1.756849340332021939e+03
1.720403585356108806e+03
1.684337905034650475e+03
1.648652295860052391e+03
1.613346754130022646e+03
1.578421275974538730e+03
1.543875857382917729e+03
1.509710494133075599e+03
1.475925181885782422e+03
1.442519916073270451e+03
1.409494691941404881e+03
1.376849504527661338e+03
1.344584348632219189e+03
1.312699218835086640e+03
1.281194109457647983e+03
1.250069014572230344e+03
1.219323927965443772e+03
1.188958843128528770e+03
1.158973753219989248e+03
1.129368651097977136e+03
1.100143529241563556e+03
1.071298379760878788e+03
1.042833194359923709e+03
1.014747964326364126e+03
9.870426804604851441e+02
9.597173331145584143e+02
9.327719120925422658e+02
9.062064066532799416e+02
8.800208054336276291e+02
8.542150964653687879e+02
8.287892670668272785e+02
8.037433038306144226e+02
7.790771925314600139e+02
7.547909181210112592e+02
7.308844646023982250e+02
7.073578149977660132e+02
6.842109512287826192e+02
6.614438540804754894e+02
6.390565030533774689e+02
6.170488762882133642e+02
5.954209504165853559e+02
5.741727004730197450e+02
5.533040997060404607e+02
5.328151194376694093e+02
5.127057288880257602e+02
4.929758949502071914e+02
4.736255819966376635e+02
4.546547516184202209e+02
4.360633623479515109e+02
4.178513693405850518e+02
4.000187240533068689e+02
3.825653738235372430e+02
3.654912614778709212e+02
3.487963248260829232e+02
3.324804961329172670e+02
3.165437015587802989e+02
3.009858604787440299e+02
2.858068848383907152e+02
2.710066784017404871e+02
2.565851360277036406e+02
2.425421429731522380e+02
2.288775743127698377e+02
2.155912946558261183e+02
2.026831583616052228e+02
1.901530107395375353e+02
1.780006910150451915e+02
1.662260383548630500e+02
1.548289034545129255e+02
1.438091701365996187e+02
1.331667955422890373e+02
1.229018860590778246e+02
1.130148454114311818e+02
1.035066785111632583e+02
9.437965831140648731e+01
8.563888899655120213e+01
7.729606206194513618e+01
6.937790390759425918e+01
6.194145131538729032e+01
5.508971191174589421e+01
4.896221296116944899e+01
4.367831373662259153e+01
3.927020237819874637e+01
3.567146835439752550e+01
3.275952972994827661e+01
3.040234173869702872e+01
2.848371979945095944e+01
2.691050293366508583e+01
2.561105959172404667e+01
2.453119319052373015e+01
2.363001736865407665e+01
2.287657611314342887e+01
2.224728333386301315e+01
2.172404570412263780e+01
2.129290305474346567e+01
2.094304560840873819e+01
2.066610149032413446e+01
2.045561753805220562e+01
2.030667888314277292e+01
