7.279176189617656689e+01
7.161584471925532114e+01
7.044945114216662319e+01
6.929258054952268253e+01
6.814523232692623367e+01
6.700740576005512139e+01
6.587910022868723559e+01
6.476031504444300424e+01
6.365104941703548747e+01
6.255130268090390189e+01
6.146107406312608390e+01
6.038036275696403266e+01
5.930916797168770671e+01
5.824748886746910870e+01
5.719532459334831742e+01
5.615267425721283701e+01
5.511953694712057938e+01
5.409591169100585262e+01
5.308179754199645828e+01
5.207719348371616519e+01
5.108209847275345794e+01
5.009651143065776324e+01
4.912043124225507995e+01
4.815385675394823295e+01
4.719678677198462680e+01
4.624922006070169545e+01
4.531115534557280711e+01
4.438259127629771683e+01
4.346352650005734830e+01
4.255395958779701715e+01
4.165388906677181780e+01
4.076331339261520981e+01
3.988223097648477733e+01
3.901064015703555299e+01
3.814853923066528552e+01
3.729592640078136156e+01
3.645279979429848538e+01
3.561915749959770494e+01
3.479499749737362890e+01
3.398031767790835289e+01
3.317511587534308148e+01
3.237938977648969541e+01
3.159313704318191540e+01
3.081635514734240289e+01
3.004904153123510113e+01
2.929119345772906513e+01
2.854280809354485982e+01
2.780388248189135680e+01
2.707441347656271802e+01
2.635439784226900528e+01
2.564383215190894916e+01
2.494271280033327542e+01
2.425103601659698782e+01
2.356879782035937509e+01
2.289599403824959367e+01
2.223262025808555009e+01
2.157867183011603629e+01
2.093414384615670087e+01
2.029903111831768214e+01
1.967332815673177393e+01
1.905702915175614010e+01
1.845012792811821001e+01
1.785261793890564164e+01
1.726449221431964176e+01
1.668574334282936888e+01
1.611636340847803694e+01
1.555634395871589604e+01
1.500567595840127844e+01
1.446434970412923171e+01
1.393235480226482004e+01
1.340968003607048686e+01
1.289631335817581004e+01
1.239224169407208365e+01
1.189745094902827738e+01
1.141192576323786767e+01
1.093564945993404436e+01
1.046860380898378651e+01
1.001076886284268852e+01
9.562122718126206067e+00
9.122641221436852632e+00
8.692297683084126092e+00
8.271062454947671228e+00
7.858902465238147172e+00
7.455780718287530640e+00
7.061655567539122380e+00
6.676479917528487462e+00
6.300200229766795168e+00
5.932755296037387716e+00
5.574074720508919611e+00
5.224077069161428000e+00
4.882667514531274122e+00
4.549735010084873466e+00
4.225148705202049548e+00
3.908753592152552248e+00
3.600365205764667564e+00
3.299763228539553950e+00
3.006683803183391124e+00
2.720810808751151555e+00
2.441765617552392964e+00
2.169095867856637661e+00
