3.040143237317852254e+03
3.008494457816175782e+03
2.977011135784791350e+03
2.945693270999594461e+03
2.914540863231982712e+03
2.883553912249311907e+03
2.852732417814267137e+03
2.822076379684999210e+03
2.791585797614990042e+03
2.761260671352945337e+03
2.731101000642498548e+03
2.701106785222490089e+03
2.671278024826453930e+03
2.641614719182644876e+03
2.612116868013930798e+03
2.582784471037608910e+03
2.553617527965277077e+03
2.524616038502720130e+03
2.495780002349724327e+03
2.467109419199952299e+03
2.438604288740763423e+03
2.410264610653058298e+03
2.382090384611191894e+03
2.354081610282525162e+03
2.326238287327721537e+03
2.298560415400120291e+03
2.271047994145803386e+03
2.243701023203199384e+03
2.216519502203207594e+03
2.189503430768569160e+03
2.162652808514051685e+03
2.135967635045999032e+03
2.109447909962034828e+03
2.083093632851162056e+03
2.056904803293174155e+03
2.030881420858607953e+03
2.005023485108338036e+03
1.979330995593437365e+03
1.953803951854904881e+03
1.928442353423296481e+03
1.903246199818447167e+03
1.878215490549217520e+03
1.853350225113137185e+03
1.828650402996099729e+03
1.804116023672029996e+03
1.779747086602511899e+03
1.755543591236459179e+03
1.731505537009726595e+03
1.707632923344738174e+03
1.683925749650064063e+03
1.660384015320046728e+03
1.637007719734324155e+03
1.613796862257455359e+03
1.590751442238405843e+03
1.567871459010079434e+03
1.545156911888852846e+03
1.522607800174076374e+03
1.500224123147522960e+03
1.478005880072776790e+03
1.455953070194837437e+03
1.434065692739378619e+03
1.412343746912190682e+03
1.390787231898566233e+03
1.369396146862598243e+03
1.348170490946572954e+03
1.327110263270205451e+03
1.306215462929908654e+03
1.285486088998068226e+03
1.264922140522239488e+03
1.244523616524306817e+03
1.224290515999679201e+03
1.204222837916300932e+03
1.184320581213921514e+03
1.164583744802961519e+03
1.145012327563586496e+03
1.125606328344727672e+03
1.106365745962907113e+03
1.087290579201232958e+03
1.068380826808165921e+03
1.049636487496365589e+03
1.031057559941363252e+03
1.012644042780411155e+03
9.943959346109268154e+02
9.763132339892880509e+02
9.583959394292278375e+02
9.406440494003742288e+02
9.230575623266431649e+02
9.056364765846291220e+02
8.883807905018612701e+02
8.712905023550019905e+02
8.543656103680459637e+02
8.376061127103868102e+02
8.210120074947815283e+02
8.045832927752966270e+02
7.883199665451146529e+02
7.722220267343219575e+02
7.562894712075623147e+02
7.405222977616058415e+02
7.249205041227960464e+02
7.094840879445474684e+02
6.942130468045170346e+02
6.791073782018576139e+02
6.641670795543113854e+02
6.493921481951983878e+02
6.347825813703193489e+02
6.203383762347360744e+02
6.060595298494866938e+02
5.919460391781922226e+02
5.779979010835578492e+02
5.642151123238126047e+02
5.505976695490510338e+02
5.371455692975368947e+02
5.238588079919131815e+02
5.107373819354241959e+02
4.977812873080377472e+02
4.849905201627450424e+02
4.723650764216811808e+02
4.599049518725076950e+02
4.476101421648415908e+02
4.354806428069052799e+02
4.235164491624090033e+02
4.117175564478446290e+02
4.000839597301609274e+02
3.886156539250827109e+02
3.773126337961525110e+02
3.661748939547218811e+02
3.552024288610435292e+02
3.443952328269581358e+02
3.337533000201831896e+02
3.232766244709357011e+02
3.129652000812166648e+02
3.028190206374269451e+02
2.928380798271031722e+02
2.830223712606164668e+02
2.733718884991231448e+02
2.638866250900217665e+02
2.545665746119114203e+02
2.454117307309290936e+02
2.364220872715465873e+02
2.275976383050597462e+02
2.189383782601973110e+02
2.104443020613681483e+02
2.021154053015994236e+02
1.939516844592101847e+02
1.859531371698626288e+02
1.781197625692312840e+02
1.704515617261614011e+02
1.629485381926386083e+02
1.556106987055931370e+02
1.484380540877588714e+02
1.414306204116887216e+02
1.345884205152196387e+02
1.279114859911547200e+02
1.213998598248817586e+02
1.150535999283674897e+02
1.088727839335019212e+02
1.028575157838807428e+02
9.700793494464554101e+01
9.132422950894114422e+01
8.580665525871675925e+01
8.045556411890554216e+01
7.527144801065641389e+01
7.025500908619586937e+01
6.540727719292807762e+01
6.072981463417372083e+01
5.622508284047022897e+01
5.189709663045709931e+01
4.775253386350768636e+01
4.380240437007223164e+01
4.006401112734108239e+01
