8.658102182576762971e+02
8.567207898480261292e+02
8.476796030984681920e+02
8.386866578683233229e+02
8.297419540143736185e+02
8.208454913908359458e+02
8.119972698492614427e+02
8.031972892385485920e+02
7.944455494048132778e+02
7.857420501913587714e+02
7.770867914385502218e+02
7.684797729839350495e+02
7.599209946618826734e+02
7.514104563038190463e+02
7.429481577379610826e+02
7.345340987892783460e+02
7.261682792794622401e+02
7.178506990268208483e+02
7.095813578462456235e+02
7.013602555490629129e+02
6.931873919429947364e+02
6.850627668320058774e+02
6.769863800164001759e+02
6.689582312924549115e+02
6.609783204526080453e+02
6.530466472851736626e+02
6.451632115743230997e+02
6.373280130999455650e+02
6.295410516375935686e+02
6.218023269583778756e+02
6.141118388288131200e+02
6.064695870107436804e+02
5.988755712611716717e+02
5.913297913322940076e+02
5.838322469711513349e+02
5.763829379197343314e+02
5.689818639147077874e+02
5.616290246873278420e+02
5.543244199633106746e+02
5.470680494626972177e+02
5.398599128997054777e+02
5.327000099825950201e+02
5.255883404134942793e+02
5.185249038882793684e+02
5.115097000964013318e+02
5.045427287207392055e+02
4.976239894373526340e+02
4.907534819154869297e+02
4.839312058172246225e+02
4.771571607973834830e+02
4.704313465033271768e+02
4.637537625747700645e+02
4.571244086435858094e+02
4.505432843335723874e+02
4.440103892603526674e+02
4.375257230309974830e+02
4.310892852439878311e+02
4.247010754888680140e+02
4.183610933460453225e+02
4.120693383865921078e+02
4.058258101719788442e+02
3.996305082538381157e+02
3.934834321737021128e+02
3.873845814627781010e+02
3.813339556416412393e+02
3.753315542199583206e+02
3.693773766962956415e+02
3.634714225577497473e+02
3.576136912796602587e+02
3.518041823254021665e+02
3.460428951459961127e+02
3.403298291798378727e+02
3.346649838523912308e+02
3.290483585758302638e+02
3.234799527488015656e+02
3.179597657560182142e+02
3.124877969679262151e+02
3.070640457404435892e+02
3.016885114145494526e+02
2.963611933159475598e+02
2.910820907547552565e+02
2.858512030251262672e+02
2.806685294049198660e+02
2.755340691553416832e+02
2.704478215206171399e+02
2.654097857276218519e+02
2.604199609855362496e+02
2.554783464855783848e+02
2.505849414006148095e+02
2.457397448848495003e+02
2.409427560735978489e+02
2.361939740829296284e+02
2.314933980094450021e+02
2.268410269300393338e+02
2.222368599016716075e+02
2.176808959612565388e+02
2.131731341254642871e+02
2.087135733906791017e+02
2.043022127329578836e+02
1.999390511080791555e+02
1.956240874516348356e+02
1.913573206792347889e+02
1.871387496867964728e+02
1.829683733509465640e+02
1.788461905295501140e+02
1.747722000623799943e+02
1.707464007719641756e+02
1.667687914646218417e+02
1.628393709317078333e+02
1.589581379510840691e+02
1.551250912889670133e+02
1.513402297019658533e+02
1.476035519395865379e+02
1.439150567471278919e+02
1.402747428690346680e+02
1.366826090528810482e+02
1.331386540538709369e+02
1.296428766401612336e+02
1.261952755989194799e+02
1.227958497434629663e+02
1.194445979213242595e+02
1.161415190236857597e+02
1.128866119962101209e+02
1.096798758515348311e+02
1.065213096836933317e+02
1.034109126847435078e+02
1.003486841639686133e+02
9.733462357004216869e+01
9.436873051671614121e+01
9.145100481247989421e+01
8.858144649498831313e+01
8.576005587104684480e+01
8.298683356304535153e+01
8.026178056313008824e+01
7.758489829639721336e+01
7.495618869488323810e+01
7.237565428436151649e+01
6.984329828645292082e+01
6.735912473916184240e+01
6.492313863959665809e+01
6.253534611358480788e+01
6.019575461811737682e+01
5.790437318396806177e+01
5.566121270787919428e+01
5.346628630646320346e+01
5.131960974710293044e+01
4.922120197628323979e+01
4.717108577202416342e+01
4.516928855617955207e+01
4.321584341524459205e+01
4.131079039705961264e+01
3.945417817849054387e+01
3.764606624122281886e+01
3.588652775744815671e+01
3.417565348680250992e+01
3.251355713780590406e+01
3.090038287092918878e+01
2.933631593020790262e+01
2.782159777197217920e+01
2.635654742825610342e+01
2.494159097822506155e+01
2.357730046956123360e+01
2.226444175832293837e+01
2.100402673485733018e+01
1.979735884017045322e+01
1.864605245067861716e+01
1.755199970769217188e+01
1.651725833257830089e+01
1.554384703688378266e+01
1.463346291665614984e+01
