2.699425377189422770e-01
2.689640490201009593e-01
2.679742004583902104e-01
2.669728032256120098e-01
2.659596646557045307e-01
2.649345881571454342e-01
2.638973730846307930e-01
2.628478147174017621e-01
2.617857040963119108e-01
2.607108279021278507e-01
2.596229684137753013e-01
2.585219033615210327e-01
2.574074058167385437e-01
2.562792441581950298e-01
2.551371818591972596e-01
2.539809773856979702e-01
2.528103841116411954e-01
2.516251501485309849e-01
2.504250182879239062e-01
2.492097258275484117e-01
2.479790043968228275e-01
2.467325798674495363e-01
2.454701721793717817e-01
2.441914952481238632e-01
2.428962567673409456e-01
2.415841580424451795e-01
2.402548938561125669e-01
2.389081522818213843e-01
2.375436145071362359e-01
2.361609547715500523e-01
2.347598399953360893e-01
2.333399297148154028e-01
2.319008758447300700e-01
2.304423225858743540e-01
2.289639060575834884e-01
2.274652541731116140e-01
2.259459864490731551e-01
2.244057137742789254e-01
2.228440381072274712e-01
2.212605523196796153e-01
2.196548399625168069e-01
2.180264749113996481e-01
2.163750212500228087e-01
2.147000329010156361e-01
2.130010533654252969e-01
2.112776154890093350e-01
2.095292411181808867e-01
2.077554408543625386e-01
2.059557136353247220e-01
2.041295465508326801e-01
