1.448074499305611198e+02
1.433927164112515982e+02
1.419850087579066553e+02
1.405843273531779403e+02
1.391906726881916825e+02
1.378040452060342318e+02
1.364244453708774927e+02
1.350518736892709342e+02
1.336863306139928795e+02
1.323278166956332313e+02
1.309763323993860809e+02
1.296318783206342005e+02
1.282944549489834003e+02
1.269640628970963974e+02
1.256407027002775720e+02
1.243243749790704982e+02
1.230150803245958144e+02
1.217128193795138742e+02
1.204175927996122510e+02
1.191294011783312072e+02
1.178482452555643079e+02
1.165741257167221931e+02
1.153070432744602414e+02
1.140469986663141810e+02
1.127939926673531232e+02
1.115480260180942906e+02
1.103090995652113691e+02
1.090772141177879746e+02
1.078523705423329488e+02
1.066345696763631281e+02
1.054238124714944149e+02
1.042200998358780311e+02
1.030234327377112322e+02
1.018338121700870431e+02
1.006512391043522001e+02
9.947571465287784065e+01
9.830723987519559159e+01
9.714581590012491574e+01
9.599144386651124705e+01
9.484412497532845521e+01
9.370386045568059785e+01
9.257065157731270233e+01
9.144449965273176417e+01
9.032540603788653755e+01
8.921337213606162209e+01
8.810839939073125038e+01
8.701048930257458380e+01
8.591964342330828686e+01
8.483586335598511141e+01
8.375915075349023198e+01
8.268950734473553155e+01
8.162693490321960610e+01
8.057143527610539024e+01
7.952301035502092930e+01
7.848166213782187128e+01
7.744739267423371132e+01
7.642020409079751175e+01
7.540009860378388851e+01
7.438707848632191144e+01
7.338114613875718817e+01
7.238230402431699417e+01
7.139055471723031587e+01
7.040590087893632187e+01
6.942834529350962214e+01
6.845789085379774974e+01
6.749454054670499659e+01
6.653829751495652545e+01
6.558916502133591564e+01
6.464714644245034947e+01
6.371224534051025046e+01
6.278446536656205268e+01
6.186381040521742136e+01
6.095028445443892195e+01
6.004389171369924583e+01
5.914463656026779148e+01
5.825252356877010840e+01
5.736755753214803377e+01
5.648974344965800753e+01
5.561908656235350179e+01
5.475559236212645686e+01
5.389926658475236820e+01
5.305011526543587053e+01
5.220814472194270905e+01
5.137336158173496159e+01
5.054577281855252124e+01
4.972538572130720524e+01
4.891220800451268502e+01
4.810624774739316933e+01
4.730751346408901270e+01
4.651601410827016991e+01
4.573175913887847344e+01
4.495475852029878894e+01
4.418502274471875069e+01
4.342256293261292655e+01
4.266739080709874088e+01
4.191951877184023800e+01
4.117895995580034452e+01
4.044572824764943419e+01
3.971983839442311393e+01
3.900130601815877895e+01
3.829014770786730537e+01
3.758638108811921796e+01
3.689002489942532037e+01
3.620109908814956157e+01
3.551962488864950984e+01
3.484562495871178811e+01
3.417912345889589432e+01
3.352014620432819925e+01
3.286872078315796841e+01
3.222487673175156431e+01
3.158864567996394968e+01
3.096006154557998968e+01
3.033916072301713385e+01
2.972598232668965679e+01
2.912056841717248545e+01
2.852296427780598620e+01
2.793321870375830329e+01
2.735138434455025802e+01
2.677751805165317833e+01
2.621168127642744849e+01
2.565394051225653627e+01
2.510436776555113525e+01
2.456304109173445838e+01
2.403004516026893000e+01
2.350547188768229745e+01
2.298942110547186957e+01
2.248200130717844658e+01
2.198333041371851593e+01
2.149353660014865852e+01
2.101275916843465552e+01
2.054114939795998396e+01
2.007887146014860491e+01
1.962610322466693447e+01
1.918303705619029031e+01
1.874988044504391027e+01
1.832685648149538693e+01
1.791420405302950769e+01
1.751217771137533319e+01
1.712104713121286181e+01
1.674109605898289388e+01
1.637262071655096562e+01
1.601592760699271878e+01
1.567133073711011804e+01
1.533914830470779123e+01
1.501969896866299869e+01
1.471329787659681010e+01
1.442025268204100108e+01
1.414085983030631155e+01
1.387540141454994647e+01
1.362414290288448271e+01
1.338733201166198228e+01
1.316519895047186495e+01
1.295795819824620843e+01
1.276581189887503065e+01
1.258895489426815040e+01
1.242758136947393588e+01
1.228189302955745532e+01
1.215210875255726819e+01
1.203847565069152026e+01
1.194128153678441429e+01
1.186086885615684494e+01
1.179765023358269715e+01
1.175212589683585485e+01
1.172490337079801570e+01
1.171671999424971311e+01
1.172846899966097745e+01
1.176123012866442430e+01
1.181630604353884628e+01
1.189526616059376529e+01
1.200000000000035527e+01
