5.437433251024156561e+03
5.504448512545276571e+03
5.572729673521496807e+03
5.642303104449494640e+03
5.711589679349312064e+03
5.642166323155283862e+03
5.573166552210222108e+03
5.504590366045114934e+03
5.436437764196947683e+03
5.368708746182426694e+03
5.301403311551375737e+03
5.234521459689443873e+03
5.168063190153508913e+03
5.102028502439509793e+03
5.036417395958542329e+03
4.971229870215039227e+03
4.906465924534589249e+03
4.842125558463734706e+03
4.778208771275734762e+03
4.714715562463837159e+03
4.651645931343272423e+03
4.588999877299778746e+03
4.526777399643801800e+03
4.464978497749825692e+03
4.403603170824108020e+03
4.342651418270729664e+03
4.282123239240529074e+03
4.222018633077468621e+03
4.162337598953084125e+03
4.103080136109400883e+03
4.044246243727223828e+03
3.985835920895146955e+03
3.927849166843853254e+03
3.870285980657597065e+03
3.813146361428815453e+03
3.756430308213358330e+03
3.700137820051904782e+03
3.644268895957509358e+03
3.588823534908280635e+03
3.533801735873572397e+03
3.479203497747289020e+03
3.425028819429945997e+03
3.371277699778428996e+03
3.317950137607413581e+03
3.265046131721797792e+03
3.212565680856654126e+03
3.160508783783305262e+03
3.108875439026162439e+03
3.057665645311925800e+03
3.006879401240361858e+03
2.956516705350737539e+03
2.906577556076453220e+03
2.857061951922890330e+03
2.807969891282363733e+03
2.759301372436566908e+03
2.711056393750997358e+03
2.663234953397184654e+03
2.615837049575857691e+03
2.568862680421647383e+03
2.522311843878495893e+03
2.476184538003822126e+03
2.430480760714089683e+03
2.385200509757471082e+03
2.340343782956903851e+03
2.295910577967657900e+03
2.251900892363320509e+03
2.208314723651146323e+03
2.165152069221428519e+03
2.122412926420108306e+03
2.080097292396977082e+03
2.038205164282743908e+03
1.996736539068771663e+03
1.955691413617970511e+03
1.915069784676244353e+03
1.874871648854479645e+03
1.835097002639369748e+03
1.795745842363920929e+03
1.756818164212155580e+03
1.718313964214594080e+03
1.680233238235454337e+03
1.642575981927153180e+03
1.605342190819601456e+03
1.568531860200710526e+03
1.532144985174176782e+03
1.496181560588068123e+03
1.460641581083665869e+03
1.425525041085702924e+03
1.390831934697994711e+03
1.356562255809661337e+03
1.322715997959097194e+03
1.289293154415411436e+03
1.256293718092652625e+03
1.223717681587132802e+03
1.191565037086800203e+03
1.159835776404269154e+03
1.128529890922065988e+03
1.097647371552170625e+03
1.067188208757047050e+03
1.037152392469741699e+03
1.007539912041585694e+03
9.783507562877617829e+02
9.495849133339436321e+02
9.212423706577284293e+02
8.933231150052603198e+02
8.658271322993474541e+02
8.387544076553747345e+02
8.121049252533410936e+02
7.858786682661408349e+02
7.600756188273837779e+02
7.346957578943612361e+02
7.097390651690988079e+02
6.852055189730916709e+02
6.610950961687965446e+02
6.374077719835381686e+02
6.141435198649312497e+02
5.913023113613051009e+02
5.688841158717810913e+02
5.468889005077702450e+02
5.253166298163845340e+02
5.041672655470453037e+02
4.834407663656276100e+02
4.631370875320205300e+02
4.432561805340092747e+02
4.237979927033964032e+02
4.047624667396926839e+02
3.861495402021729433e+02
3.679591449761393278e+02
3.501912065920405439e+02
3.328456435572699093e+02
3.159223665732945392e+02
2.994212776793301600e+02
2.833422694325489601e+02
2.676852239517168641e+02
2.524500121161383106e+02
2.376364929072453265e+02
2.232445131644169010e+02
2.092739081177280980e+02
1.957245034070355700e+02
1.825961198250857933e+02
1.698885829913145642e+02
1.576017421794424820e+02
1.457355062617902774e+02
1.342899129284888602e+02
1.232652652939513587e+02
1.126624141942713635e+02
1.024833816462665226e+02
9.273284683194364675e+01
8.342186646088326540e+01
7.457688185463631214e+01
6.625793866718234426e+01
5.858162737813945853e+01
5.171760490236052732e+01
4.582061567212694086e+01
4.093820923014256152e+01
3.699078100313288076e+01
3.382783348684142766e+01
3.128960833959127896e+01
2.923848443329170266e+01
2.756637374574935251e+01
2.619165923166514531e+01
2.505351975449934088e+01
2.410664248894356021e+01
2.331707197212406868e+01
2.265915702449764879e+01
2.211336159507288102e+01
2.166470672418513743e+01
2.130166029992354382e+01
2.101534172171284709e+01
2.079894833323738368e+01
2.064733913406391252e+01
