1.045057481959783672e+03
1.033043720252033836e+03
1.021099816919428918e+03
1.009225772470558240e+03
9.974215875101649544e+02
9.856872625991862833e+02
9.740227983345030225e+02
9.624281953284444171e+02
9.509034541340793112e+02
9.394485754016159262e+02
9.280635598646114204e+02
9.167484080360983398e+02
9.055031207390683221e+02
8.943276986275782292e+02
8.832221424326741044e+02
8.721864529647023119e+02
8.612206308475184642e+02
8.503246769878155646e+02
8.394985921994322098e+02
8.287423773004961731e+02
8.180560331837964441e+02
8.074395607080554100e+02
7.968929607906992487e+02
7.864162343677284071e+02
7.760093824607806710e+02
7.656724060604875604e+02
7.554053062311043050e+02
7.452080840007103006e+02
7.350807404889874306e+02
7.250232768373119825e+02
7.150356942647825917e+02
7.051179939113857245e+02
6.952701771124147854e+02
6.854922451281789790e+02
6.757841992836015379e+02
6.661460410430554475e+02
6.565777717224334538e+02
6.470793928972914273e+02
6.376509060854318705e+02
6.282923128725185506e+02
6.190036149010257986e+02
6.097848138727787273e+02
6.006359115518207545e+02
5.915569097617860734e+02
5.825478103947333466e+02
5.736086154123189544e+02
5.647393268813291343e+02
5.559399469015842215e+02
5.472104776413576701e+02
5.385509213796658514e+02
5.299612805221260032e+02
5.214415574659360573e+02
5.129917548447439231e+02
5.046118751791007071e+02
4.963019213361671973e+02
4.880618961613316742e+02
4.798918026132186014e+02
4.717916438193454383e+02
4.637614230218093212e+02
4.558011435884298521e+02
4.479108090365414796e+02
4.400904230050047090e+02
4.323399893481203549e+02
4.246595120514415385e+02
4.170489952648949270e+02
4.095084433618399657e+02
4.020378608902811948e+02
3.946372526101163771e+02
3.873066234923106776e+02
3.800459787228727464e+02
3.728553238102298906e+02
3.657346643912131867e+02
3.586840065283629428e+02
3.517033564630828550e+02
3.447927207945322721e+02
3.379521064678590392e+02
3.311815207058829174e+02
3.244809711812979458e+02
3.178504659399584398e+02
3.112900134318893492e+02
3.047996225664368239e+02
2.983793027402582538e+02
2.920290638406144694e+02
2.857489163260906935e+02
2.795388712350763853e+02
2.733989402117499594e+02
2.673291355977723924e+02
2.613294704099798196e+02
2.553999584998905448e+02
2.495406144939807120e+02
2.437514539288090418e+02
2.380324932970213467e+02
2.323837501153456628e+02
2.268052430227759544e+02
2.212969918726063270e+02
2.158590177555805099e+02
2.104913432446007562e+02
2.051939923855342442e+02
1.999669908910334755e+02
1.948103662445035695e+02
1.897241479115941729e+02
1.847083674306385319e+02
1.797630586959390655e+02
1.748882580995768876e+02
1.700840047959967478e+02
1.653503409497848224e+02
1.606873120418207179e+02
1.560949671948540072e+02
1.515733594925737293e+02
1.471225464728054817e+02
1.427425904740002522e+02
1.384335592473662473e+02
1.341955264765907714e+02
1.300285723967045044e+02
1.259327846374322917e+02
1.219082589475988669e+02
1.179551001871742955e+02
1.140734233960865680e+02
1.102633550161965701e+02
1.065250342871956803e+02
1.028586148495375312e+02
9.926426657660147157e+01
9.574217769293936442e+01
9.229255720045398448e+01
8.891563766206995467e+01
8.561167847009838283e+01
8.238096957530156317e+01
7.922383580727549202e+01
7.614064194045926115e+01
7.313179848346423739e+01
7.019776841898534769e+01
6.733907497030347145e+01
6.455631054635345834e+01
6.185014689707235647e+01
5.922134660913847171e+01
5.667077581866357860e+01
5.419941793899421612e+01
5.180838777563355535e+01
4.949894506647300574e+01
4.727250540838002024e+01
4.513064582222195753e+01
4.307510053716011100e+01
4.110774127614940454e+01
3.923053526015682735e+01
3.744547423264923935e+01
3.575447017994024179e+01
3.415921863882483223e+01
3.266103846739400041e+01
3.126070586898382686e+01
2.995830718728021580e+01
2.875313620597188091e+01
2.764365567299743986e+01
2.662753097971442884e+01
2.570173018485624183e+01
2.486267347745974732e+01
2.410640965449693596e+01
2.342879758206253982e+01
2.282567535687447702e+01
2.229300645527111158e+01
2.182699845760411250e+01
2.142419488612059197e+01
2.108154384009231563e+01
2.079644874901302742e+01
2.056680711567105391e+01
2.039104305565661335e+01
2.026813913914389431e+01
2.019767278167360303e+01
2.017986240084348637e+01
2.021562889931274043e+01
2.030667888314296832e+01
