2.728236865474195383e+03
2.699843165983213112e+03
2.671597964015967591e+03
2.643501259346225197e+03
2.615553051743432206e+03
2.587753340972587921e+03
2.560102126794261039e+03
2.532599408964187205e+03
2.505245187233575052e+03
2.478039461348634177e+03
2.450982231050618338e+03
2.424073496075681760e+03
2.397313256154719966e+03
2.370701511013299751e+03
2.344238260371482284e+03
2.317923503943671676e+03
2.291757241438495839e+03
2.265739472558695979e+03
2.239870197000956523e+03
2.214149414455574060e+03
2.188577124606691541e+03
2.163153327131748938e+03
2.137878021701492344e+03
2.112751207979788433e+03
2.087772885623438469e+03
2.062943054281854529e+03
2.038261713597194102e+03
2.013728863203831452e+03
1.989344502728285988e+03
1.965108631789037645e+03
1.941021249996277220e+03
1.917082356951663542e+03
1.893291952248156804e+03
1.869650035469586328e+03
1.846156606190765160e+03
1.822811663976875252e+03
1.799615208383382878e+03
1.776567238955722132e+03
1.753667755229023896e+03
1.730916756727839356e+03
1.708314242965786889e+03
1.685860213445260342e+03
1.663554667657177106e+03
1.641397605080566336e+03
1.619389025182211071e+03
1.597528927416365377e+03
1.575817311224326204e+03
1.554254176034057082e+03
1.532839521259833418e+03
1.511573346301805941e+03
1.490455650545552089e+03
1.469486433361702893e+03
1.448665694105355215e+03
1.427993432115841870e+03
1.407469646715913314e+03
1.387094337211564834e+03
1.366867502891318964e+03
1.346789143025623844e+03
1.326859256866531041e+03
1.307077843646877909e+03
1.287444902579791233e+03
1.267960432858053764e+03
1.248624433653338883e+03
1.229436904115795187e+03
1.210397843373001251e+03
1.191507250529524526e+03
1.172765124666016163e+03
1.154171464838367456e+03
1.135726270077109575e+03
1.117429539386339002e+03
1.099281271742961280e+03
1.081281466095688074e+03
1.063430121364156093e+03
1.045727236437908232e+03
1.028172810175367431e+03
1.010766841402720615e+03
9.935093289128632250e+02
9.764002714641711691e+02
9.594396677793440631e+02
9.426275165441369381e+02
9.259638164060609142e+02
9.094485659729731424e+02
8.930817638116876651e+02
8.768634084465342085e+02
8.607934983577371213e+02
8.448720319799018625e+02
8.290990077002717271e+02
8.134744238570831385e+02
7.979982787376172837e+02
7.826705705764915137e+02
7.674912975535597752e+02
7.524604577919292296e+02
7.375780493558212356e+02
7.228440702483603673e+02
7.082585184092760073e+02
6.938213917124969612e+02
6.795326879636442072e+02
6.653924048974499783e+02
6.514005401750504234e+02
6.375570913811657192e+02
6.238620560211988959e+02
6.103154315181683387e+02
5.969172152096317632e+02
5.836674043442868651e+02
5.705659960787421596e+02
5.576129874739079924e+02
5.448083754913712937e+02
5.321521569896971187e+02
5.196443287205225943e+02
5.072848873245808932e+02
4.950738293276330637e+02
4.830111511362323995e+02
4.710968490334905709e+02
4.593309191746613465e+02
4.477133575827542131e+02
4.362441601440469299e+02
4.249233226036199653e+02
4.137508405608742805e+02
4.027267094651820685e+02
3.918509246115665405e+02
3.811234811366432496e+02
3.705443740147826475e+02
3.601135980546265500e+02
3.498311478961356897e+02
3.396970180081876833e+02
3.297112026870411228e+02
3.198736960557955626e+02
3.101844920651479356e+02
3.006435844957372296e+02
2.912509669625363244e+02
2.820066329216975873e+02
2.729105756805316219e+02
2.639627884112840661e+02
2.551632641696538712e+02
2.465119959191654004e+02
2.380089765627756151e+02
2.296541989834606454e+02
2.214476560959147946e+02
2.133893409120691445e+02
2.054792466238391739e+02
1.977173667074031584e+02
1.901036950544659021e+02
1.826382261374905056e+02
1.753209552178952606e+02
1.681518786088051627e+02
1.611309940075112195e+02
1.542583009174365998e+02
1.475338011859896881e+02
1.409574996931318651e+02
1.345294052381309200e+02
1.282495316885215004e+02
1.221178994798922588e+02
1.161345375897081453e+02
1.102994861596603613e+02
1.046128000164778769e+02
9.907455345685723103e+01
9.368484684075635016e+01
8.844381582307912026e+01
8.335164452451530792e+01
7.840858474858076477e+01
7.361498479454314747e+01
6.897133410617107074e+01
6.447833515983180064e+01
6.013702389581643359e+01
5.594897807603769735e+01
5.191668204616466653e+01
4.804415097427075665e+01
4.433792445482128386e+01
4.080842970133349468e+01
3.747135332965819998e+01
