4.076513618184497645e+00
4.077057455529882191e+00
4.077608148772448260e+00
4.078165825506452791e+00
4.078730616412359566e+00
4.079302655518894483e+00
4.079882080167185343e+00
4.080469031139894120e+00
4.081063652787398688e+00
4.081666093146036900e+00
4.082276504035117881e+00
4.082895041161492600e+00
4.083521864328974793e+00
4.084157137487131273e+00
4.084801028878278117e+00
4.085453711200988991e+00
4.086115361761305742e+00
4.086786162606810713e+00
4.087466300648196160e+00
4.088155967914170574e+00
4.088855361686415613e+00
4.089564684649865889e+00
4.090284145082091705e+00
4.091013957074108198e+00
4.091754340732062900e+00
4.092505522364484172e+00
4.093267734663341706e+00
4.094041217047060144e+00
4.094826215824999949e+00
4.095622984439341252e+00
4.096431783719085118e+00
4.097252882182865541e+00
4.098086556314223472e+00
4.098933090835019222e+00
4.099792779051281144e+00
4.100665922976498123e+00
4.101552834122554003e+00
4.102453833389299476e+00
4.103369251641359128e+00
4.104299430033372609e+00
4.105244720466932229e+00
4.106205485963960733e+00
4.107182101116294781e+00
4.108174952551593151e+00
4.109184439432924663e+00
4.110210973773464005e+00
4.111254981434471212e+00
4.112316902185275680e+00
4.113397190520940327e+00
4.114496316231644357e+00
4.115614765036641032e+00
4.116753039290282246e+00
4.117911658662127827e+00
4.119091160860688383e+00
4.120292102462026484e+00
4.121515059739646603e+00
4.122760629383404485e+00
4.124029429662443569e+00
4.125322101080089787e+00
4.126639307831140080e+00
4.127981738360099406e+00
4.129350106774090534e+00
4.130745153963296445e+00
4.132167648846182928e+00
4.133618389708233032e+00
4.135098205566330343e+00
4.136607957654585555e+00
4.138148540977518941e+00
4.139720885956222673e+00
4.141325960165331388e+00
4.142964770176925882e+00
4.144638363510990686e+00
4.146347830760170439e+00
4.148094307508879197e+00
4.149878977098648392e+00
4.151703072713581300e+00
4.153567880311308969e+00
4.155474741101725655e+00
4.157425054661780806e+00
4.159420282030900751e+00
4.161461949071121325e+00
4.163551650012569993e+00
4.165691051245290488e+00
4.167881895295673544e+00
4.170126005139677794e+00
4.172425288948686806e+00
4.174781744784936244e+00
4.177197465841002710e+00
4.179674646177915065e+00
4.182215586104963911e+00
4.184822699620576181e+00
4.187498520421303994e+00
4.190245709338665137e+00
4.193067062160421798e+00
4.195965518253801818e+00
4.198944169385918634e+00
4.202006269379663372e+00
4.205155244361275635e+00
4.208394704007387688e+00
4.211728454147046996e+00
4.215160507621527941e+00
4.218695101229879008e+00
4.222336707792861077e+00
4.226090053632974630e+00
4.229960135806592803e+00
4.233952240347401919e+00
4.238071962875890719e+00
4.242325229832903055e+00
4.246718322753826769e+00
4.251257902745253503e+00
4.255951038639070205e+00
4.260805237053161498e+00
4.265828472233097024e+00
4.271029224068273678e+00
4.276416515023909071e+00
4.281999947772286319e+00
4.287789754268372278e+00
4.293796841466930303e+00
4.300032843430710905e+00
4.306510176051989269e+00
4.313242105054817088e+00
4.320242805920093687e+00
4.327527438921601188e+00
4.335112229868888001e+00
4.343014554316248166e+00
4.351253030918327269e+00
4.359847624206878436e+00
4.368819755835303020e+00
4.378192423942214084e+00
4.387990335993546154e+00
4.398240053038898090e+00
4.408970144800436586e+00
4.420211362429563806e+00
4.431996825109682625e+00
4.444362223459258132e+00
4.457346045244906740e+00
4.470989818052651721e+00
4.485338379190519476e+00
4.500440168956843401e+00
4.516347554717826007e+00
4.533117185673312122e+00
4.550810384545607157e+00
4.569493578772048537e+00
4.589238777601233998e+00
4.610124099329031111e+00
4.632234355811076121e+00
4.655661702876323638e+00
4.680506363931805858e+00
4.706877437382508411e+00
4.734893801323619478e+00
4.764685128144402704e+00
4.796393026448340535e+00
4.830172330055381380e+00
4.866192557162076326e+00
4.904639566655490945e+00
4.945717445383193578e+00
4.989650663771358907e+00
5.036686547307331452e+00
5.087098117275747455e+00
5.141187367961266297e+00
5.199289058142932518e+00
5.261775111806031191e+00
5.329059740832207126e+00
5.401605426772740692e+00
5.479929925711362060e+00
5.564614493851493648e+00
5.656313572672717171e+00
5.755766220301513414e+00
5.863809632796570526e+00
5.981395166647382133e+00
