4.101644681039471330e+00
4.102257997703513404e+00
4.102878738275433257e+00
4.103507037922399014e+00
4.104143035102858050e+00
4.104786871679736215e+00
4.105438692974966663e+00
4.106098647959965930e+00
4.106766889282456034e+00
4.107443573453178232e+00
4.108128860913571323e+00
4.108822916173829221e+00
4.109525907968642144e+00
4.110238009335129838e+00
4.110959397826396966e+00
4.111690255619396162e+00
4.112430769656662655e+00
4.113181131804315882e+00
4.113941539031543471e+00
4.114712193585931210e+00
4.115493303090750565e+00
4.116285080894721560e+00
4.117087746083400113e+00
4.117901523799614161e+00
4.118726645384953144e+00
4.119563348609009523e+00
4.120411877923269017e+00
4.121272484667464653e+00
4.122145427223085967e+00
4.123030971544478618e+00
4.123929391097486352e+00
4.124840967337151554e+00
4.125765989907229425e+00
4.126704756978054611e+00
4.127657575564337655e+00
4.128624761833916246e+00
4.129606641358540386e+00
4.130603549737698721e+00
4.131615832703532831e+00
4.132643846625328798e+00
4.133687958887088953e+00
4.134748548331997675e+00
4.135826005720214305e+00
4.136920734170301373e+00
4.138033149669102961e+00
4.139163681446788701e+00
4.140312772887884130e+00
4.141480881683673232e+00
4.142668480623234117e+00
4.143876058171880317e+00
4.145104119116439279e+00
4.146353185278829123e+00
4.147623796197663637e+00
4.148916509893422422e+00
4.150231903660495547e+00
4.151570574898634902e+00
4.152933141873080380e+00
4.154320245003210843e+00
4.155732547336826954e+00
4.157170735900968417e+00
4.158635522657895045e+00
4.160127645658094231e+00
4.161647870214279621e+00
4.163196990185023871e+00
4.164775829284222297e+00
4.166385242479545781e+00
4.168026117473545789e+00
4.169699376264420998e+00
4.171405976795729664e+00
4.173146914702099863e+00
4.174923225059705700e+00
4.176735984634028398e+00
4.178586313552457021e+00
4.180475377777762347e+00
4.182404391306758562e+00
4.184374618664908674e+00
4.186387377506044061e+00
4.188444041380818383e+00
4.190546042688497508e+00
4.192694875803361754e+00
4.194892100301042426e+00
4.197139344726641852e+00
4.199438310099737670e+00
4.201790774095266912e+00
4.204198595180430154e+00
4.206663717214876641e+00
4.209188174335232624e+00
4.211774095777490068e+00
4.214423712173816838e+00
4.217139360676198656e+00
4.219923491550042094e+00
4.222778674855067749e+00
4.225707607640489805e+00
4.228713121868937996e+00
4.231798192326244212e+00
4.234965945552513489e+00
4.238219669469264872e+00
4.241562823533263860e+00
4.244999049503856980e+00
4.248532182954687819e+00
4.252166266695182273e+00
4.255905563423670657e+00
4.259754570473210045e+00
4.263718035990231137e+00
4.267800975320167112e+00
4.272008689085234678e+00
4.276346783345172931e+00
4.280821190378397922e+00
4.285438191204278269e+00
4.290204440848064849e+00
4.295126994613017501e+00
4.300213336781862239e+00
4.305471411318108288e+00
4.310909656840571813e+00
4.316537041282484388e+00
4.322363102261373768e+00
4.328397990024723363e+00
4.334652512725435614e+00
4.341138187159669926e+00
4.347867293449426462e+00
4.354852933330961129e+00
4.362109094384384989e+00
4.369650720218719364e+00
4.377493785364690915e+00
4.385655377106302488e+00
4.394153786025660757e+00
4.403008602212660882e+00
4.412240820248665152e+00
4.421872956279377931e+00
4.431929171917563970e+00
4.442435410809725482e+00
4.453419548577927323e+00
4.464911554202915411e+00
4.476943668119664821e+00
4.489550596794567028e+00
4.502769721813483450e+00
4.516641336464749301e+00
4.531208895002187376e+00
4.546519294416905943e+00
4.562623178502379417e+00
4.579575274195725854e+00
4.597434762041223699e+00
4.616265681726623882e+00
4.636137384913166848e+00
4.657125029312698672e+00
4.679310132907209763e+00
4.702781183514995078e+00
4.727634321324067024e+00
4.753974097507776442e+00
4.781914322655106631e+00
4.811579020018681874e+00
4.843103492883320094e+00
4.876635530530168516e+00
4.912336769581590268e+00
4.950384237008146115e+00
4.990972104310499979e+00
5.034313686355975648e+00
5.080643727672109478e+00
5.130221023160369320e+00
5.183331433157778889e+00
5.240291360225014294e+00
5.301451771577977645e+00
5.367202864762017356e+00
5.437979494950812231e+00
5.514267504277648335e+00
5.596611121695390878e+00
5.685621634239372391e+00
5.781987568926814092e+00
5.886486669192882992e+00
6.000000000000031086e+00
