1.160499592175200632e+03
1.147128218349449526e+03
1.133834677074868068e+03
1.120618968793554814e+03
1.107481094014205382e+03
1.094421053382057835e+03
1.081438847438313587e+03
1.068534476767637443e+03
1.055707941952157171e+03
1.042959243648057964e+03
1.030288382509094390e+03
1.017695359189920737e+03
1.005180174372674173e+03
9.927428287940465452e+02
9.803833229853995590e+02
9.681016578970164801e+02
9.558978342518487352e+02
9.437718527902991354e+02
9.317237143169380715e+02
9.197534197268022353e+02
9.078609697864416148e+02
8.960463654471931250e+02
8.843096076642406160e+02
8.726506972046767032e+02
8.610696351793365011e+02
8.495664226038198876e+02
8.381410603855003956e+02
8.267935496699013811e+02
8.155238915523408423e+02
8.043320871547693969e+02
7.932181376534490482e+02
7.821820442402827211e+02
7.712238081661922706e+02
7.603434307352345058e+02
7.495409132238372649e+02
7.388162570844801849e+02
7.281694637066244695e+02
7.176005345625281961e+02
7.071094712335825534e+02
6.966962751469915247e+02
6.863609480959562461e+02
6.761034917179274544e+02
6.659239077275075260e+02
6.558221980016950283e+02
6.457983644331851565e+02
6.358524088567868375e+02
6.259843334161554367e+02
6.161941401897872765e+02
6.064818313406494781e+02
5.968474091476577996e+02
5.872908759617482701e+02
5.778122342208948794e+02
5.684114864655356314e+02
5.590886353314410826e+02
5.498436835912481229e+02
5.406766341094287327e+02
5.315874898067405638e+02
5.225762538544374820e+02
5.136429294250577868e+02
5.047875199336658056e+02
4.960100288628384533e+02
4.873104598603786144e+02
4.786888167984360507e+02
4.701451036061495756e+02
4.616793244738171893e+02
4.532914837580454446e+02
4.449815860136677088e+02
4.367496359930141807e+02
4.285956386807437752e+02
4.205195992924279267e+02
4.125215232992628671e+02
4.046014164040973355e+02
3.967592846146355328e+02
3.889951342519420905e+02
3.813089719225435488e+02
3.737008045473596667e+02
3.661706394462520961e+02
3.587184842910739917e+02
3.513443471605905870e+02
3.440482365805975746e+02
3.368301614469850165e+02
3.296901312561001305e+02
3.226281559736072495e+02
3.156442461094713394e+02
3.087384127714175861e+02
3.019106677181850955e+02
2.951610233599032540e+02
2.884894928770627871e+02
2.818960902079221000e+02
2.753808301462859163e+02
2.689437283844141007e+02
2.625848015910200957e+02
2.563040674815516695e+02
2.501015449460283264e+02
2.439772540158259915e+02
2.379312161614739978e+02
2.319634542047647017e+02
2.260739925690217547e+02
2.202628573275790700e+02
2.145300764383570993e+02
2.088756798388652669e+02
2.032996996223646704e+02
1.978021702935447763e+02
1.923831289331918981e+02
1.870426154639364995e+02
1.817806729328158610e+02
1.765973477911327905e+02
1.714926902540255753e+02
1.664667546629697483e+02
1.615195999343259530e+02
1.566512900099879460e+02
1.518618944094260712e+02
1.471514888466413993e+02
1.425201559131536726e+02
1.379679857848813924e+02
1.334950772572527171e+02
1.291015385997773421e+02
1.247874887674615252e+02
1.205530586975330749e+02
1.163983928055736925e+02
1.123236507035376093e+02
1.083290091760691638e+02
1.044146644582802139e+02
1.005808348751163663e+02
9.682776388311033600e+01
9.315572362992669753e+01
8.956501905353364634e+01
8.605599269275030849e+01
8.262903027184407279e+01
7.928456722054403372e+01
7.602309628422695198e+01
7.284517638491993807e+01
6.975144292237608568e+01
6.674261966293454407e+01
6.381953240375635517e+01
6.098312440036873738e+01
5.823447352323104553e+01
5.557481063883199823e+01
5.300553830591236704e+01
5.052824791369389601e+01
4.814473220968439193e+01
4.585698825212080010e+01
4.366720383361059987e+01
4.157771840287453813e+01
3.959094863532090613e+01
3.770927061027752814e+01
3.593485638178362507e+01
3.426947299817332748e+01
3.271426504045172123e+01
3.126955305263980733e+01
2.993468444203800516e+01
2.870796699438010080e+01
2.758669913674731333e+01
2.656729110651943770e+01
2.564545430757127065e+01
2.481642756248368187e+01
2.407520932259988200e+01
2.341677187735938404e+01
2.283624312983734939e+01
2.232905060180418033e+01
2.189102906396784931e+01
2.151849732870165610e+01
2.120831162905517786e+01
2.095790341162801340e+01
2.076530897690721744e+01
2.062919774262135064e+01
2.054890534360219334e+01
2.052447754230925980e+01
2.055673116454747529e+01
2.064733913406409371e+01
