1.576114457011856302e+02
1.560566778787784017e+02
1.545096913210324203e+02
1.529704864453330515e+02
1.514390636850126555e+02
1.499154234556004894e+02
1.483995662318325515e+02
1.468914924863963165e+02
1.453912026541284206e+02
1.438986972576386165e+02
1.424139767905158465e+02
1.409370417621543936e+02
1.394678927090982938e+02
1.380065301376520495e+02
1.365529546482897558e+02
1.351071667921775656e+02
1.336691671587471433e+02
1.322389563551560911e+02
1.308165349975867002e+02
1.294019037209212399e+02
1.279950631875300360e+02
1.265960140646188563e+02
1.252047570460306218e+02
1.238212928427219026e+02
1.224456221990660651e+02
1.210777458569851035e+02
1.197176646055424101e+02
1.183653792417768784e+02
1.170208905801189729e+02
1.156841994763808117e+02
1.143553068135725539e+02
1.130342134847871449e+02
1.117209204388130672e+02
1.104154285690632520e+02
1.091177389368577195e+02
1.078278525356421795e+02
1.065457704277970663e+02
1.052714936514540938e+02
1.040050233780543749e+02
1.027463607427935415e+02
1.014955069448149203e+02
1.002524632235391238e+02
9.901723084091005944e+01
9.778981112198074754e+01
9.657020542761352999e+01
9.535841516525152883e+01
9.415444179372335043e+01
9.295828682030503387e+01
9.176995180572941990e+01
9.058943836482987422e+01
8.941674817296926392e+01
8.825188296169611135e+01
8.709484452934366061e+01
8.594563473368569362e+01
8.480425551558892039e+01
8.367070888491066682e+01
8.254499688843321792e+01
8.142712169553479384e+01
8.031708556241095209e+01
7.921489081068804694e+01
7.812053985336547157e+01
7.703403520756417322e+01
7.595537948072296786e+01
7.488457539723786738e+01
7.382162579788298729e+01
7.276653359725877124e+01
7.171930188546822649e+01
7.067993386550867285e+01
6.964843283693822684e+01
6.862480230522737656e+01
6.760904588885608746e+01
6.660116735856595938e+01
6.560117068476688473e+01
6.460905995795300782e+01
6.362483953330794861e+01
6.264851387801111571e+01
6.168008774917265669e+01
6.071956604543943570e+01
5.976695397357582351e+01
5.882225691691296987e+01
5.788548057940824521e+01
5.695663090688046992e+01
5.603571414959835550e+01
5.512273687576240633e+01
5.421770597522261426e+01
5.332062870322280901e+01
5.243151268666031939e+01
5.155036593993546035e+01
5.067719693052207219e+01
4.981201456618478574e+01
4.895482824565996083e+01
4.810564786396387404e+01
4.726448391904205693e+01
4.643134746907036714e+01
4.560625021522209011e+01
4.478920454563670006e+01
4.398022358224725537e+01
4.317932122699697572e+01
4.238651223577964799e+01
4.160181226657224585e+01
4.082523796441063979e+01
4.005680702646145619e+01
3.929653828726609532e+01
3.854445181634250162e+01
3.780056901402611658e+01
3.706491271662481068e+01
3.633750732075495904e+01
3.561837892065629063e+01
3.490755543902874081e+01
3.420506680109166808e+01
3.351094509232331831e+01
3.282522477837240160e+01
3.214794288935956956e+01
3.147913927780633969e+01
3.081885686507775901e+01
3.016714191695675140e+01
2.952404441163468363e+01
2.888961833120007583e+01
2.826392207905424669e+01
2.764701890811972618e+01
2.703897739720632032e+01
2.643987194785353623e+01
2.584978341421133763e+01
2.526879968282152333e+01
2.469701639799589543e+01
2.413453770955324629e+01
2.358147709963295213e+01
2.303795826891008147e+01
2.250411607406584480e+01
2.198009754701147855e+01
2.146606289627052888e+01
2.096218659266693507e+01
2.046865836511290127e+01
1.998568419415032693e+01
1.951348713664659940e+01
1.905230800605402308e+01
1.860240572286658889e+01
1.816405732687551122e+01
1.773755748070203708e+01
1.732321739123402793e+01
1.692136304719441497e+01
1.653233271385714076e+01
1.615647366419522513e+01
1.579413819590914869e+01
1.544567905398677610e+01
1.511144446284689380e+01
1.479177305083153904e+01
1.448698901257541571e+01
1.419739789105646288e+01
1.392328337093249502e+01
1.366490543134062285e+01
1.342250015396313323e+01
1.319628138524760175e+01
1.298644435151712173e+01
1.279317124345020851e+01
1.261663869230351054e+01
1.245702703569255299e+01
1.231453123343304057e+01
1.218937333898133346e+01
1.208181646271823872e+01
1.199218027231030526e+01
1.192085816147350563e+01
1.186833636687615368e+01
1.183521545967270683e+01
1.182223482516661406e+01
1.183030096047065349e+01
1.186052068661358305e+01
1.191424070348428543e+01
1.199309533970387776e+01
1.209906489830616572e+01
