2.728236865652539564e+03
2.695799045638263578e+03
2.663555181530840855e+03
2.631505272951310417e+03
2.599649319624899363e+03
2.567987321165282538e+03
2.536519277209200027e+03
2.505245187416214321e+03
2.474165051334997770e+03
2.443278868667617644e+03
2.412586638947336269e+03
2.382088361842772883e+03
2.351784036814729916e+03
2.321673663547898286e+03
2.291757241603419970e+03
2.262034770500109971e+03
2.232506249819218283e+03
2.203171679065722401e+03
2.174031057779640378e+03
2.145084385451473736e+03
2.116331661658403846e+03
2.087772885756680807e+03
2.059408057356538848e+03
2.031237175852700375e+03
2.003260240714585052e+03
1.975477251378330493e+03
1.947888207288396643e+03
1.920493107867140225e+03
1.893291952377760254e+03
1.866284740351436540e+03
1.839471471108194692e+03
1.812852144013833595e+03
1.786426758308648459e+03
1.760195313421605988e+03
1.734157808586383453e+03
1.708314243075605646e+03
1.682664616231324544e+03
1.657208927149609963e+03
1.631947175138148395e+03
1.606879359410546158e+03
1.582005479123604346e+03
1.557325533403586405e+03
1.532839521382965813e+03
1.508547442177263974e+03
1.484449294900467976e+03
1.460545078566143729e+03
1.436834792226663239e+03
1.413318434877493928e+03
1.389996005476224582e+03
1.366867502986669024e+03
1.343932926324483788e+03
1.321192274339455707e+03
1.298645545917925119e+03
1.276292739857061406e+03
1.254133854935273121e+03
1.232168889911153656e+03
1.210397843460001468e+03
1.188820714290257911e+03
1.167437500965549816e+03
1.146248202117015126e+03
1.125252816274306724e+03
1.104451341923299651e+03
1.083843777513128089e+03
1.063430121441575693e+03
1.043210372060671716e+03
1.023184527649592837e+03
1.003352586446003329e+03
9.837145466415790906e+02
9.642704063562612191e+02
9.450201636343986138e+02
9.259638164743017796e+02
9.071013628056994094e+02
8.884328004965561831e+02
8.699581273100654926e+02
8.516773409513315301e+02
8.335904390708086567e+02
8.156974191971472692e+02
7.979982787955216281e+02
7.804930152345738179e+02
7.631816258015815038e+02
7.460641076548463388e+02
7.291404578889444110e+02
7.124106734720362510e+02
6.958747512655457967e+02
6.795326880152448439e+02
6.633844803528111242e+02
6.474301247636982453e+02
6.316696176358369712e+02
6.161029551926412751e+02
6.007301335231734356e+02
5.855511485764128565e+02
5.705659961236584650e+02
5.557746718134565072e+02
5.411771710567043101e+02
5.267734891647581890e+02
5.125636212230247111e+02
4.985475621263972243e+02
4.847253065966188501e+02
4.710968490731879115e+02
4.576621838799084117e+02
4.444213050507692060e+02
4.313742064006187320e+02
4.185208814960936365e+02
4.058613236630841925e+02
3.933955259565492497e+02
3.811234811716806803e+02
3.690451818281666192e+02
3.571606201358669637e+02
3.454697880679074160e+02
3.339726772622530007e+02
3.226692790772109447e+02
3.115595845743268342e+02
3.006435845228116932e+02
2.899212694149342724e+02
2.793926294613265782e+02
2.690576546286908410e+02
2.589163346651961888e+02
2.489686591238336462e+02
2.392146174436904573e+02
2.296541990055933695e+02
2.202873932296150201e+02
2.111141897043314088e+02
2.021345783585888967e+02
1.933485496325432962e+02
1.847560948422842273e+02
1.763572064610661414e+02
1.681518786291203753e+02
1.601401077649969977e+02
1.523218933776764743e+02
1.446972391415523873e+02
1.372661543218119391e+02
1.300286556575555892e+02
1.229847699686101095e+02
1.161345376059230006e+02
1.094780173544714330e+02
1.030152931402318330e+02
9.674648366290871593e+01
9.067175630285584020e+01
8.479134768635660180e+01
7.910559495448435996e+01
7.361498480657381549e+01
6.832023371834232250e+01
6.322242570447610888e+01
5.832326126346349326e+01
5.362552478622878027e+01
4.913396461333905307e+01
4.485685971864234745e+01
4.080842970933963443e+01
3.701151730681053920e+01
3.349838238905826415e+01
3.030621253134778925e+01
2.746622421364046573e+01
2.499142928511918171e+01
2.287120189337090181e+01
2.107535237819569574e+01
1.956320117496430555e+01
1.829197935971015809e+01
1.722204494744304881e+01
1.631913534170488944e+01
1.555476766566674485e+01
1.490574885285058393e+01
1.435337713296671325e+01
1.388262128465106926e+01
1.348139314743825246e+01
1.313994469340496174e+01
1.285038486219317377e+01
1.260629880340992415e+01
1.240245001272494463e+01
1.223454771770671101e+01
1.209906489830644105e+01
