1.071066650104351766e+03
1.059819806711347837e+03
1.048632523347280767e+03
1.037504799875443496e+03
1.026436636156815212e+03
1.015428032049965054e+03
1.004478987411033586e+03
9.935895020935569164e+02
9.827595759487107898e+02
9.719892088248017217e+02
9.612784005677432333e+02
9.506271510205194772e+02
9.400354600233912379e+02
9.295033274138568231e+02
9.190307530264615252e+02
9.086177366927298635e+02
8.982642782412433462e+02
8.879703774975209853e+02
8.777360342838530869e+02
8.675612484193788987e+02
8.574460197198196738e+02
8.473903479977245752e+02
8.373942330620886878e+02
8.274576747184260057e+02
8.175806727686720023e+02
8.077632270111120079e+02
7.980053372403128833e+02
7.883070032469146327e+02
7.786682248178252621e+02
7.690890017358481145e+02
7.595693337797767981e+02
7.501092207241882761e+02
7.407086623394446860e+02
7.313676583915572564e+02
7.220862086421039976e+02
7.128643128481387521e+02
7.037019707620648887e+02
6.945991821316188179e+02
6.855559466995575804e+02
6.765722642038881531e+02
6.676481343774008792e+02
6.587835569478540947e+02
6.499785316376871833e+02
6.412330581639761249e+02
6.325471362382976395e+02
6.239207655666366463e+02
6.153539458491867435e+02
6.068466767804181927e+02
5.983989580486581872e+02
5.900107893363153835e+02
5.816821703194358406e+02
5.734131006677363303e+02
5.652035800445219138e+02
5.570536081064058180e+02
5.489631845032845376e+02
5.409323088781018214e+02
5.329609808668731148e+02
5.250492000984049810e+02
5.171969661941536742e+02
5.094042787682171820e+02
5.016711374270731199e+02
4.939975417694520843e+02
4.863834913862459075e+02
4.788289858603401967e+02
4.713340247664696676e+02
4.638986076711125861e+02
4.565227341323075620e+02
4.492064036995073479e+02
4.419496159135559310e+02
4.347523703064418896e+02
4.276146664011877760e+02
4.205365037118355076e+02
4.135178817432139908e+02
4.065587999909045607e+02
3.996592579410714166e+02
3.928192550704966948e+02
3.860387908464026623e+02
3.793178647263731591e+02
3.726564761584212420e+02
3.660546245808426420e+02
3.595123094222300892e+02
3.530295301015066798e+02
3.466062860279352549e+02
3.402425766011743917e+02
3.339384012113820859e+02
3.276937592393114755e+02
3.215086500564310654e+02
3.153830730252437888e+02
3.093170274993901216e+02
3.033105128240083559e+02
2.973635283361429629e+02
2.914760733650655311e+02
2.856481472328311497e+02
2.798797492547990373e+02
2.741708787403935048e+02
2.685215349937814153e+02
2.629317173147579751e+02
2.574014249998178911e+02
2.519306573432351684e+02
2.465194136383906596e+02
2.411676931792487153e+02
2.358754952620332119e+02
2.306428191871144122e+02
2.254696642611467610e+02
2.203560297994518464e+02
2.153019151287917339e+02
2.103073195903572810e+02
2.053722425432032992e+02
2.004966833681842502e+02
1.956806414722063039e+02
1.909241162931533324e+02
1.862271073053247505e+02
1.815896140256666342e+02
1.770116360206159527e+02
1.724931729139230754e+02
1.680342243953424770e+02
1.636347902305701325e+02
1.592948702722072198e+02
1.550144644722749376e+02
1.507935728962482642e+02
1.466321957388602186e+02
1.425303333420379488e+02
1.384879862149630583e+02
1.345051550570160259e+02
1.305818407834892980e+02
1.267180445548896159e+02
1.229137678101261173e+02
1.191690123042298524e+02
1.154837801512182835e+02
1.118580738731051696e+02
1.082918964556115782e+02
1.047852514121130696e+02
1.013381428567787452e+02
9.795057558860342795e+01
9.462255518818454902e+01
9.135408812927566657e+01
8.814518190794463237e+01
8.499584519233800961e+01
8.190608799698547671e+01
7.887592188627603207e+01
7.590536021285377899e+01
7.299441839799349907e+01
7.014311426270597849e+01
6.735146842058317418e+01
6.461950474618794260e+01
6.194725093652581904e+01
5.933473918835036898e+01
5.678200702036722447e+01
5.428909827917427577e+01
5.185606438003606655e+01
4.948296585219355848e+01
4.716987428451481890e+01
4.491687480659533094e+01
4.272406930017537974e+01
4.059158062925131105e+01
3.851955832558530801e+01
3.650818640259500114e+01
3.455769434021524233e+01
3.266837283544008841e+01
3.084059666816726519e+01
2.907485789728267278e+01
2.737181322080905943e+01
2.573234886143508859e+01
2.415766326311097956e+01
2.264936018891591729e+01
2.120953101806314578e+01
1.984078661864260695e+01
1.854618375432911748e+01
1.732899334366039668e+01
1.619229337665073842e+01
