9.463644155462445724e+02
9.355104044873277189e+02
9.247194436884548168e+02
9.139915337201395005e+02
9.033266751735825437e+02
8.927248685734393803e+02
8.821861145332601382e+02
8.717104137242342858e+02
8.612977666055679720e+02
8.509481739528446269e+02
8.406616364039987275e+02
8.304381546465864403e+02
8.202777293379559751e+02
8.101803612127571341e+02
8.001460509927344447e+02
7.901747994319606505e+02
7.802666073088952317e+02
7.704214754443479478e+02
7.606394046689093784e+02
7.509203958353158441e+02
7.412644498263438209e+02
7.316715674858854754e+02
7.221417498051157509e+02
7.126749977641867417e+02
7.032713122031379953e+02
6.939306943647061416e+02
6.846531450384795789e+02
6.754386655499763492e+02
6.662872568541750979e+02
6.571989201600543993e+02
6.481736566826501758e+02
6.392114676491690943e+02
6.303123542473965699e+02
6.214763178600837819e+02
6.127033598168193294e+02
6.039934815355908313e+02
5.953466844556683100e+02
5.867629700690619075e+02
5.782423399229620600e+02
5.697847956395365827e+02
5.613903387906069611e+02
5.530589711737453626e+02
5.447906945562829151e+02
5.365855108097867969e+02
5.284434217056430043e+02
5.203644294035852909e+02
5.123485357642904319e+02
5.043957430992483069e+02
4.965060534280733009e+02
4.886794691971442717e+02
4.809159926752146816e+02
4.732156263828698570e+02
4.655783728749556190e+02
4.580042348122800036e+02
4.504932149665166889e+02
4.430453162034897900e+02
4.356605414752066849e+02
4.283388939815417302e+02
4.210803769329276065e+02
4.138849937567244979e+02
4.067527478686681093e+02
3.996836430251366323e+02
3.926776830515791517e+02
3.857348719477167833e+02
3.788552138633100412e+02
3.720387131589253613e+02
3.652853744158232416e+02
3.585952023571249470e+02
3.519682020174419677e+02
3.454043785033004497e+02
3.389037373658405841e+02
3.324662842702983312e+02
3.260920251968821617e+02
3.197809664389068871e+02
3.135331145688831498e+02
3.073484764912271316e+02
3.012270594574553115e+02
2.951688710799983824e+02
2.891739193838841402e+02
2.832422128206702041e+02
2.773737602217310609e+02
2.715685709503751468e+02
2.658266548771199496e+02
2.601480223966948984e+02
2.545326844771294077e+02
2.489806526754767333e+02
2.434919392827026172e+02
2.380665572330324835e+02
2.327045202437132332e+02
2.274058428422325733e+02
2.221705404577745639e+02
2.169986293675646323e+02
2.118901270071351632e+02
2.068450517734928837e+02
2.018634233245396103e+02
1.969452625513333714e+02
1.920905917295800123e+02
1.872994346205130682e+02
1.825718166016897612e+02
1.779077647995489144e+02
1.733073082322198388e+02
1.687704780056896254e+02
1.642973074712631103e+02
1.598878324403047770e+02
1.555420913567225512e+02
1.512601256761467425e+02
1.470419800241118082e+02
1.428877025435367329e+02
1.387973452666861931e+02
1.347709644692666870e+02
1.308086211284518470e+02
1.269103813994127563e+02
1.230763171684988606e+02
1.193065066435240738e+02
1.156010351065603174e+02
1.119599956488320771e+02
1.083834900786311408e+02
1.048716299328048080e+02
1.014245376242947856e+02
9.804234774849858525e+01
9.472520858616947237e+01
9.147328377859919613e+01
8.828675433247416038e+01
8.516582082983192947e+01
8.211070596692022150e+01
7.912165761502622274e+01
7.619895212666241946e+01
7.334289829798893834e+01
7.055384190292153335e+01
6.783217082129885966e+01
6.517832106675727744e+01
6.259278350636714805e+01
6.007611161114210319e+01
5.762893010806789817e+01
5.525194454790861442e+01
5.294595168266867091e+01
5.071185024867334334e+01
4.855065152943554807e+01
4.646348862014689018e+01
4.445162248323676124e+01
4.251644223230346142e+01
4.065945590064827542e+01
3.888226716074087363e+01
3.718653293086141076e+01
3.557389762026996749e+01
3.404590217229116433e+01
3.260387048015135036e+01
3.124878181901934937e+01
2.998114390903736393e+01
2.880088510194519813e+01
2.770728382676930579e+01
2.669894825885229750e+01
2.577385045937358399e+01
2.492940967170618904e+01
2.416261203045161920e+01
2.347015034758991447e+01
2.284856800864440274e+01
2.229439435968412297e+01
2.180426352914573584e+01
2.137501313607343789e+01
2.100376296990843983e+01
2.068797614090182790e+01
2.042550659179028827e+01
2.021463743947766645e+01
2.005411474076261413e+01
1.994318119730493066e+01
1.988161425387163206e+01
1.986977315235452579e+01
1.990865990865032842e+01
1.999999999999994316e+01
