5.450950314196205909e+03
5.509667473905131374e+03
5.569351551813946571e+03
5.630024522969213649e+03
5.691708498630907343e+03
5.739272366450340087e+03
5.624876668912293098e+03
5.564571363754082086e+03
5.504590365650520653e+03
5.444933674286597125e+03
5.385601289341093434e+03
5.326593210485963937e+03
5.267909437386245372e+03
5.209549969699950452e+03
5.151514807077833211e+03
5.093803949163208017e+03
5.036417395591677632e+03
4.979355145991034078e+03
4.922617199981030353e+03
4.866203557173120316e+03
4.810114217170177653e+03
4.754349179566342173e+03
4.698908443946761508e+03
4.643792009887384665e+03
4.588999876954546380e+03
4.534532044704792497e+03
4.480388512684695343e+03
4.426569280430476283e+03
4.373074347467505504e+03
4.319903713310481180e+03
4.267057377462619115e+03
4.214535339415560884e+03
4.162337598649020947e+03
4.110464154630332814e+03
4.058915006814176195e+03
4.007690154642181369e+03
3.956789597542539923e+03
3.906213334929484972e+03
3.855961366202956924e+03
3.806033690748178287e+03
3.756430307935233031e+03
3.707151217118313525e+03
3.658196417635674607e+03
3.609565908808739550e+03
3.561259689941677152e+03
3.513277760320990183e+03
3.465620119214714123e+03
3.418286765871971056e+03
3.371277699522326202e+03
3.324592919374982102e+03
3.278232424618432560e+03
3.232196214419406260e+03
3.186484287922390649e+03
3.141096644248631492e+03
3.096033282495665389e+03
3.051294201736166997e+03
3.006879401017335113e+03
2.962788879359725343e+03
2.919022635756682575e+03
2.875580669173025399e+03
2.832462978544203906e+03
2.789669562775213308e+03
2.747200420739379297e+03
2.705055551277406266e+03
2.663234953195988055e+03
2.621738625266514191e+03
2.580566566223984410e+03
2.539718774765328817e+03
2.499195249548138690e+03
2.458995989189130341e+03
2.419120992262512573e+03
2.379570257298321849e+03
2.340343782780669699e+03
2.301441567145981480e+03
2.262863608781044150e+03
2.224609906020878952e+03
2.186680457146850131e+03
2.149075260384253397e+03
2.111794313900028101e+03
2.074837615800401636e+03
2.038205164128174829e+03
2.001896956860088267e+03
1.965912991903979673e+03
1.930253267095675028e+03
1.894917780195970636e+03
1.859906528887190007e+03
1.825219510769611134e+03
1.790856723357949704e+03
1.756818164077202027e+03
1.723103830258635071e+03
1.689713719135381552e+03
1.656647827837820842e+03
1.623906153388582879e+03
1.591488692697444776e+03
1.559395442555818136e+03
1.527626399630925107e+03
1.496181560459495813e+03
1.465060921441405071e+03
1.434264478832511713e+03
1.403792228737317146e+03
1.373644167101103221e+03
1.343820289701488946e+03
1.314320592139511746e+03
1.285145069830096418e+03
1.256293717991880158e+03
1.227766531636348418e+03
1.199563505556256587e+03
1.171684634313231527e+03
1.144129912224464078e+03
1.116899333348528899e+03
1.089992891470112227e+03
1.063410580083689638e+03
1.037152392375937779e+03
1.011218321206848032e+03
9.856083590894345434e+02
9.603224981678517906e+02
9.353607301937784086e+02
9.107230465009496356e+02
8.864094379776703363e+02
8.624198950370490593e+02
8.387544075847471277e+02
8.154129649841248693e+02
7.923955560182721456e+02
7.697021688488174505e+02
7.473327909712294286e+02
7.252874091659156193e+02
7.035660094450785209e+02
6.821685769946466280e+02
6.610950961107029116e+02
6.403455501301066306e+02
6.199199213542282223e+02
5.998181909653898174e+02
5.800403389351057513e+02
5.605863439230043923e+02
5.414561831656317281e+02
5.226498323537982742e+02
5.041672654972175565e+02
4.860084547749651733e+02
4.681733703701650029e+02
4.506619802870692979e+02
4.334742501487197615e+02
4.166101429729238248e+02
4.000696189246591530e+02
3.838526350423367717e+02
3.679591449362284834e+02
3.523890984568557769e+02
3.371424413324904776e+02
3.222191147755748375e+02
3.076190550601546647e+02
2.933421930758128156e+02
2.793884538688012071e+02
2.870433413861609324e+02
2.524500120860980701e+02
2.394651265837239862e+02
2.268029975729853902e+02
2.144635160332293538e+02
2.024465668635000100e+02
1.907520307384862974e+02
1.793797877000421863e+02
1.683297236939363586e+02
1.576017421570416275e+02
1.471957844178398602e+02
1.371118658698533466e+02
1.273501413723882365e+02
1.179110274070702218e+02
1.087954412179968671e+02
1.000052971440465086e+02
9.154459532845496028e+01
8.342186644538574569e+01
7.565542798171740912e+01
