1.731620773954739290e-01
1.720501579361347622e-01
1.709267782001220592e-01
1.697917555018124136e-01
1.686449034864613006e-01
1.674860319311452794e-01
1.663149466574106727e-01
1.651314496368431195e-01
1.639353386115634248e-01
1.627264071043806326e-01
1.615044444204685459e-01
1.602692354097065564e-01
1.590205604215793878e-01
1.577581951190155929e-01
1.564819105779293174e-01
1.551914728736470128e-01
1.538866431677489988e-01
1.525671775064517954e-01
1.512328267146141880e-01
1.498833362325613650e-01
1.485184460530429018e-01
1.471378905500403955e-01
1.457413982869615043e-01
1.443286919243729760e-01
1.428994880550132351e-01
1.414534970434920824e-01
1.399904228797873018e-01
1.385099630052005204e-01
1.370118081850096592e-01
1.354956422666574734e-01
1.339611420261938857e-01
1.324079770076818929e-01
1.308358093061471605e-01
1.292442933919092929e-01
1.276330758668690613e-01
1.260017953951283742e-01
1.243500823005898592e-01
1.226775584507965866e-01
1.209838370214318115e-01
1.192685222595119138e-01
1.175312091990650121e-01
1.157714835536367975e-01
1.139889212980039201e-01
1.121830884643995052e-01
1.103535408831386316e-01
1.084998239122886982e-01
1.066214720993681475e-01
1.047180089511983020e-01
1.027889465929040930e-01
1.008337854291431607e-01
