4.050312084752309083e+00
4.050725540236742361e+00
4.051143798501156468e+00
4.051566939668735046e+00
4.051995045616414437e+00
4.052428200028924010e+00
4.052866488444053061e+00
4.053309998304562178e+00
4.053758819011099135e+00
4.054213041976572285e+00
4.054672760682378474e+00
4.055138070736461486e+00
4.055609069933670874e+00
4.056085858317663551e+00
4.056568538245201694e+00
4.057057214452544081e+00
4.057551994124282579e+00
4.058052986964352904e+00
4.058560305269557134e+00
4.059074064005679716e+00
4.059594380886401233e+00
4.060121376454805642e+00
4.060655174167796311e+00
4.061195900483539845e+00
4.061743684952401345e+00
4.062298660310567300e+00
4.062860962577343749e+00
4.063430731155597719e+00
4.064008108939017205e+00
4.064593242414815677e+00
4.065186281782566802e+00
4.065787381066845008e+00
4.066396698239740815e+00
4.067014395346196132e+00
4.067640638634337336e+00
4.068275598690873629e+00
4.068919450581856445e+00
4.069572373998734172e+00
4.070234553409756373e+00
4.070906178218016258e+00
4.071587442925276079e+00
4.072278547302199847e+00
4.072979696565830032e+00
4.073691101563690964e+00
4.074412978965582077e+00
4.075145551463350557e+00
4.075889047978956903e+00
4.076643703878428227e+00
4.077409761201947092e+00
4.078187468893673007e+00
4.078977083048510366e+00
4.079778867167086709e+00
4.080593092420811807e+00
4.081420037929275324e+00
4.082259991049125070e+00
4.083113247675766999e+00
4.083980112557772379e+00
4.084860899626097108e+00
4.085755932336605056e+00
4.086665544028670993e+00
4.087590078299603746e+00
4.088529889396081529e+00
4.089485342623346398e+00
4.090456814773083316e+00
4.091444694571003460e+00
4.092449383145668307e+00
4.093471294518238324e+00
4.094510856116326813e+00
4.095568509311662275e+00
4.096644709983182864e+00
4.097739929108255019e+00
4.098854653381133417e+00
4.099989385862818914e+00
4.101144646661218474e+00
4.102320973648127200e+00
4.103518923207702507e+00
4.104739071025496067e+00
4.105982012917158919e+00
4.107248365697906856e+00
4.108538768097844240e+00
4.109853881724276903e+00
4.111194392073900694e+00
4.112561009598683981e+00
4.113954470827356324e+00
4.115375539547390993e+00
4.116825008049582735e+00
4.118303698440902494e+00
4.119812464028147936e+00
4.121352190777612279e+00
4.122923798856004574e+00
4.124528244256416620e+00
4.126166520516504121e+00
4.127839660532460542e+00
4.129548738479567938e+00
4.131294871838866456e+00
4.133079223543923320e+00
4.134903004251851755e+00
4.136767474748518580e+00
4.138673948496075283e+00
4.140623794331388829e+00
4.142618439327371505e+00
4.144659371829813921e+00
4.146748144676583259e+00
4.148886378614955461e+00
4.151075765931264705e+00
4.153318074312836394e+00
4.155615150940239033e+00
4.157968926853784275e+00
4.160381421583464245e+00
4.162854748094265922e+00
4.165391118031107176e+00
4.167992847329313300e+00
4.170662362169299087e+00
4.173402205346940619e+00
4.176215043055492515e+00
4.179103672127741476e+00
4.182071027758829551e+00
4.185120191778638699e+00
4.188254401457807141e+00
4.191477058939335087e+00
4.194791741332799084e+00
4.198202211491264713e+00
4.201712429560675588e+00
4.205326565342396350e+00
4.209049011534602869e+00
4.212884397918732482e+00
4.216837606567676033e+00
4.220913788157529822e+00
4.225118379459672724e+00
4.229457122115535483e+00
4.233936082791252886e+00
4.238561674818679847e+00
4.243340681445273432e+00
4.248280280815190046e+00
4.253388072824298760e+00
4.258672107993628941e+00
4.264140918526208246e+00
4.269803551720124268e+00
4.275669605928917427e+00
4.281749269272112635e+00
4.288053361320227630e+00
4.294593377994133654e+00
4.301381539941337095e+00
4.308430844671791604e+00
4.315755122762766405e+00
4.323369098467593652e+00
4.331288455094044920e+00
4.339529905549373900e+00
4.348111268486871239e+00
4.357051550528233008e+00
4.366371035081151319e+00
4.376091378321659064e+00
4.386235712967494038e+00
4.396828760531255043e+00
4.407896952814726710e+00
4.419468563485737356e+00
4.431573850672180015e+00
4.444245211611750790e+00
4.457517350517380628e+00
4.471427460951715283e+00
4.486015424176154731e+00
4.501324025094497472e+00
4.517399187656837789e+00
4.534290231804817495e+00
4.552050154333202592e+00
4.570735936371741914e+00
4.590408880563678018e+00
4.611134981466033622e+00
4.632985333208144318e+00
4.656036579046056723e+00
