4.050312084794667200e+00
4.050784995556097279e+00
4.051264194210284941e+00
4.051749800922078926e+00
4.052241938880058569e+00
4.052740734294241420e+00
4.053246316746731637e+00
4.053758819054261053e+00
4.054278377443844228e+00
4.054805131667460039e+00
4.055339225167212014e+00
4.055880805129607580e+00
4.056430022516114953e+00
4.056987032456785158e+00
4.057551994176922250e+00
4.058125071121845728e+00
4.058706431291215111e+00
4.059296247043375772e+00
4.059894695626605099e+00
4.060501959173924647e+00
4.061118224838399904e+00
4.061743685010440252e+00
4.062378537447814963e+00
4.063022985593473635e+00
4.063677238639103351e+00
4.064341511797194606e+00
4.065016026456675036e+00
4.065701010393024006e+00
4.066396698294052037e+00
4.067103331569745350e+00
4.067821158805399406e+00
4.068550436098371748e+00
4.069291427217010870e+00
4.070044403967995272e+00
4.070809646321377429e+00
4.071587443071470247e+00
4.072378091705183500e+00
4.073181899333569334e+00
4.073999182479894898e+00
4.074830267748207113e+00
4.075675492163308711e+00
4.076535203628147919e+00
4.077409761278491196e+00
4.078299536026016803e+00
4.079204910804363315e+00
4.080126281485216388e+00
4.081064057055428407e+00
4.082018660140956712e+00
4.082990528006496866e+00
4.083980112636910853e+00
4.084987881663729503e+00
4.086014318993970384e+00
4.087059925429820773e+00
4.088125219502956931e+00
4.089210738189545502e+00
4.090317037780306642e+00
4.091444694676236615e+00
4.092594306328240172e+00
4.093766492302584936e+00
4.094961894733911478e+00
4.096181180338707151e+00
4.097425040797049611e+00
4.098694194149349102e+00
4.099989386043493056e+00
4.101311390996987605e+00
4.102661013939639112e+00
4.104039091392700733e+00
4.105446493457507451e+00
4.106884125027299604e+00
4.108352927755810846e+00
4.109853881874919956e+00
4.111388008048027842e+00
4.112956369578991911e+00
4.114560074551996571e+00
4.116200278425113268e+00
4.117878184897869609e+00
4.119595051790049034e+00
4.121352190930243076e+00
4.123150972301157680e+00
4.124992826956556335e+00
4.126879249996814991e+00
4.128811805607077723e+00
4.130792129002385238e+00
4.132821931627112200e+00
4.134903004487187950e+00
4.137037225333082269e+00
4.139226560564370772e+00
4.141473071553599006e+00
4.143778922279954813e+00
4.146146377995561849e+00
4.148577825178235479e+00
4.151075766185930327e+00
4.153642831530820700e+00
4.156281786790106736e+00
4.158995542230139009e+00
4.161787162921892325e+00
4.164659876681275463e+00
4.167617079790351120e+00
4.170662362279746738e+00
4.173799506871411324e+00
4.177032507062461875e+00
4.180365579862385772e+00
4.183803186067090785e+00
4.187350040923946359e+00
4.191011130712406718e+00
4.194791741453745004e+00
4.198697469792230130e+00
4.202734248456960309e+00
4.206908372655049355e+00
4.211226524601148213e+00
4.215695800753962885e+00
4.220323744784054476e+00
4.225118379645511624e+00
4.230088243313919527e+00
4.235242428715970675e+00
4.240590625974999917e+00
4.246143167957572295e+00
4.251911080594759973e+00
4.257906137577422534e+00
4.264140918851519579e+00
4.270628874160234290e+00
4.277384394891189601e+00
4.284422887902879395e+00
4.291760858421717728e+00
4.299416001488847172e+00
4.307407298079871438e+00
4.315755122824071144e+00
4.324481360122556239e+00
4.333609530719414238e+00
4.343164930550711844e+00
4.353174781296504037e+00
4.363668395119423948e+00
4.374677355481458640e+00
4.386235713005174119e+00
4.398380201570578407e+00
4.411150473331144184e+00
4.424589357359360875e+00
4.438743142261942332e+00
4.453661886878706788e+00
4.469399761733454213e+00
4.486015424224324200e+00
4.503572432274070003e+00
4.522139700884918234e+00
4.541792006284355310e+00
4.562610544782314648e+00
4.584683552409940965e+00
4.608106994324696615e+00
4.632985333241737003e+00
4.659432388157666693e+00
4.687572296870280653e+00
4.717540597249884726e+00
4.749485446405251388e+00
4.783568998629223579e+00
4.819968968444434232e+00
4.858880408474763435e+00
4.900517739906499415e+00
4.945117076784072196e+00
4.992938897636487461e+00
5.044271125624919527e+00
5.099432691749448132e+00
5.158777670931126380e+00
5.222700098257184287e+00
5.291639597080773250e+00
5.366087975829904266e+00
5.446596985809408764e+00
5.533787472640270266e+00
5.628360203894122726e+00
5.731108716752706833e+00
5.842934602552617207e+00
5.964865732482765637e+00
