5.999999999999089617e+00
5.979126472694143324e+00
5.958562961314564532e+00
5.938303689666309282e+00
5.918343012858706231e+00
5.898675413842775939e+00
5.879295500009634523e+00
5.860197999911624933e+00
5.841377760074685455e+00
5.822829741876254239e+00
5.804549018556251383e+00
5.786530772276290868e+00
5.768770291285575169e+00
5.751262967169929574e+00
5.734004292143771941e+00
5.716989856485970023e+00
5.700215345994405602e+00
5.683676539515450266e+00
5.667369306581347743e+00
5.651289605095281665e+00
5.635433479061192408e+00
5.619797056435700711e+00
5.604376546949406013e+00
5.589168240096704210e+00
5.574168503129837582e+00
5.559373779055124309e+00
5.544780584810639290e+00
5.530385509392370835e+00
5.516185212089763645e+00
5.502176420733182027e+00
5.488355929997654314e+00
5.474720599796765619e+00
5.461267353667906832e+00
5.447993177236173601e+00
5.434895116702054274e+00
5.421970277378152403e+00
5.409215822271113083e+00
5.396628970689577365e+00
5.384206996912649146e+00
5.371947228886513770e+00
5.359847046948737592e+00
5.347903882561266364e+00
5.336115217151787604e+00
5.324478580930425586e+00
5.312991551752791253e+00
5.301651754002722150e+00
5.290456857529324708e+00
5.279404576556777862e+00
5.268492668746170615e+00
5.257718934138695843e+00
5.247081214217816481e+00
5.236577390959012313e+00
5.226205385907748635e+00
5.215963159316434172e+00
5.205848709249280226e+00
5.195860070720393686e+00
5.185995314924825017e+00
5.176252548402722198e+00
5.166629912348149389e+00
5.157125581687702187e+00
5.147737764467292365e+00
5.138464700976841826e+00
5.129304663302471035e+00
5.120255954485496197e+00
5.111316907837847090e+00
5.102485886335192511e+00
5.093761282001818991e+00
5.085141515200410467e+00
5.076625034108577239e+00
5.068210314223602353e+00
5.059895857623498472e+00
5.051680192488286814e+00
5.043561872554566783e+00
5.035539476501142531e+00
5.027611607727822118e+00
5.019776893262928752e+00
5.012033983987752350e+00
5.004381553695921525e+00
4.996818298710405060e+00
4.989342937513482568e+00
4.981954210183229925e+00
4.974650877948781691e+00
4.967431723051200620e+00
4.960295547998953225e+00
4.953241175246825279e+00
4.946267446967830494e+00
4.939373224286703667e+00
4.932557387376998115e+00
4.925818834843235905e+00
4.919156483329346408e+00
4.912569267253125815e+00
4.906056138321930327e+00
4.899616065610958415e+00
4.893248034493535847e+00
4.886951047228507150e+00
4.880724121944427729e+00
4.874566292534329826e+00
4.868476608489650914e+00
4.862454134669898842e+00
4.856497950348887649e+00
4.850607150111875043e+00
4.844780842552843581e+00
4.839018150441884991e+00
4.833318210405715298e+00
4.827680172679570170e+00
4.822103200853666394e+00
4.816586471621631560e+00
4.811129174547869702e+00
4.805730511832825513e+00
4.800389698089689183e+00
4.795105960112398868e+00
4.789878536661560382e+00
4.784706678248127787e+00
4.779589646934170766e+00
4.774526716115365943e+00
4.769517170323715582e+00
4.764560305043272770e+00
4.759655426498764719e+00
4.754801851488017483e+00
4.749998907023892158e+00
4.745245930573863902e+00
4.740542269525021446e+00
4.735887281094058210e+00
4.731280332173692038e+00
4.726720799170243126e+00
4.722208067833037148e+00
4.717741533101105667e+00
4.713320598938936179e+00
4.708944678197215516e+00
4.704613192448973358e+00
4.700325571853085194e+00
4.696081255001623767e+00
4.691879688791094516e+00
4.687720328133644365e+00
4.683602636090781424e+00
4.679526083683687609e+00
4.675490149596414291e+00
4.671494320136712730e+00
4.667538089119027234e+00
4.663620957729973426e+00
4.659742434413378653e+00
4.655902034750094565e+00
4.652099281344715287e+00
4.648333703707249853e+00
4.644604838146255688e+00
4.640912227659148570e+00
4.637255421614256079e+00
4.633633976114183817e+00
4.630047453613696185e+00
4.626495422745828812e+00
4.622977458314142751e+00
4.619493141183302676e+00
4.616042058184699037e+00
4.612623802023645858e+00
4.609237971188137273e+00
4.605884169846686582e+00
4.602562007779051001e+00
4.599271100270936330e+00
4.596011067988860610e+00
4.592781536719635405e+00
4.589582138002123557e+00
4.586412508263422616e+00
4.583272289035249969e+00
4.580161126858262932e+00
4.577078673207519266e+00
4.574024584419111861e+00
4.570998521606729703e+00
4.568000150587274710e+00
4.565029141829769266e+00
4.562085170357231156e+00
4.559167915701404006e+00
4.556277061582561849e+00
4.553412296320203723e+00
4.550573312616744026e+00
4.547759807251599895e+00
4.544971481162510152e+00
4.542208039388371255e+00
4.539469191006079818e+00
4.536754649055041000e+00
4.534064130503190349e+00
4.531397356163460621e+00
4.528754050651456531e+00
4.526133942317513537e+00
4.523536763212235634e+00
4.520962248676850592e+00
4.518410138097077144e+00
4.515880174301400984e+00
4.513372103463797025e+00
4.510885675181206977e+00
4.508420642421564928e+00
4.505976761460610547e+00
4.503553791844018050e+00
4.501151496326109225e+00
4.498769640836360217e+00
4.496407994425671184e+00
4.494066329231030110e+00
4.491744420408929628e+00
4.489442045882814369e+00
4.487158986663672522e+00
4.484895026949345720e+00
4.482649953531192999e+00
4.480423556015779241e+00
4.478215626788377257e+00
4.476025960968835093e+00
4.473854356365547957e+00
4.471700613446278894e+00
4.469564535285461382e+00
4.467445927541450423e+00
4.465344598410426080e+00
4.463260358594101085e+00
4.461193020877466608e+00
4.459142401329748928e+00
4.457108317837952249e+00
4.455090590374034321e+00
4.453089041855890606e+00
4.451103497206568171e+00
4.449133783609375392e+00
4.447179730482113236e+00
4.445241169432402550e+00
4.443317934237764000e+00
4.441409860804535370e+00
4.439516787141695175e+00
4.437638553334997127e+00
4.435775001319082200e+00
4.433925975426579846e+00
4.432091321702004372e+00
4.430270888467730650e+00
4.428464525026797993e+00
4.426672083731908458e+00
4.424893418314554516e+00
4.423128384371868727e+00
4.421376839318019947e+00
4.419638642366880532e+00
4.417913654504141086e+00
4.416201738462032012e+00
4.414502758694440310e+00
4.412816581352422496e+00
4.411143074266295372e+00
4.409482106610348673e+00
4.407833549852400168e+00
4.406197276544511432e+00
4.404573160961716027e+00
4.402961079055677018e+00
4.401360907777053910e+00
4.399772526299924102e+00
4.398195814968675954e+00
4.396630655622381312e+00
4.395076931542925891e+00
4.393534527454042937e+00
4.392003329489754471e+00
4.390483225186039284e+00
4.388974103446331654e+00
4.387475854385948004e+00
4.385988369757619409e+00
4.384511542410902685e+00
4.383045266547846097e+00
4.381589437671270737e+00
4.380143952520255901e+00
4.378708709212816963e+00
4.377283606596075849e+00
4.375868545377477936e+00
4.374463427175426133e+00
4.373068154799886642e+00
4.371682632215491360e+00
4.370306764549701128e+00
4.368940458053224951e+00
4.367583620104984909e+00
4.366236159180076015e+00
4.364897984627190475e+00
4.363569007357663843e+00
4.362249138952106975e+00
4.360938292135019267e+00
4.359636380674613676e+00
4.358343319336752231e+00
4.357059024090274235e+00
4.355783411166886054e+00
4.354516398669671773e+00
4.353257905270433881e+00
4.352007850614122653e+00
4.350766155275000990e+00
4.349532740759629590e+00
4.348307529485367695e+00
4.347090444771360751e+00
4.345881410713396065e+00
4.344680352515561950e+00
4.343487196075657586e+00
4.342301868182815383e+00
4.341124296473404698e+00
4.339954409411243219e+00
4.338792136282569878e+00
4.337637407173911441e+00
4.336490153142725568e+00
4.335350305399257032e+00
4.334217796716393067e+00
4.333092560295935591e+00
4.331974530103429366e+00
4.330863640858236607e+00
4.329759828021041201e+00
4.328663027773469452e+00
4.327573176933746879e+00
4.326490213208399993e+00
4.325414074873771497e+00
4.324344700928442364e+00
4.323282031046997709e+00
4.322226005581923047e+00
4.321176565549775361e+00
4.320133652627918153e+00
4.319097209120575265e+00
4.318067177989236782e+00
4.317043502887035089e+00
4.316026127785910660e+00
4.315014997681170250e+00
4.314010057999469794e+00
4.313011254757888935e+00
4.312018534573785367e+00
4.311031844652355893e+00
4.310051132646419703e+00
4.309076347048561573e+00
4.308107436707413918e+00
4.307144351079473132e+00
4.306187040169113800e+00
4.305235454519495519e+00
4.304289545208297874e+00
4.303349263845788641e+00
4.302414562549821575e+00
4.301485393958093262e+00
4.300561711337752335e+00
4.299643467990636125e+00
4.298730618299022588e+00
4.297823116879005312e+00
4.296920918836025116e+00
4.296023979763305078e+00
4.295132255654590558e+00
4.294245703083501731e+00
4.293364279015136731e+00
4.292487940877649955e+00
4.291616646550174607e+00
4.290750354348860540e+00
4.289889023032330329e+00
4.289032611783698989e+00
4.288181080222381425e+00
4.287334388377957772e+00
4.286492496697880128e+00
4.285655366038387371e+00
4.284822957760136219e+00
4.283995233252470669e+00
4.283172154769960827e+00
4.282353684758319012e+00
4.281539786050651664e+00
4.280730421812114272e+00
4.279925555683202099e+00
4.279125151610613464e+00
4.278329173926697315e+00
4.277537587325306312e+00
4.276750356853765034e+00
4.275967447924267084e+00
4.275188826294229472e+00
4.274414458058571675e+00
4.273644309676259745e+00
4.272878347916893027e+00
4.272116539902442334e+00
4.271358853073196293e+00
4.270605255288140611e+00
4.269855714391212587e+00
4.269110198978287585e+00
4.268368677763715091e+00
4.267631119791538197e+00
4.266897494305189831e+00
4.266167771066034398e+00
4.265441919977383201e+00
4.264719911276396047e+00
4.264001715498161538e+00
4.263287303461767763e+00
4.262576646281190484e+00
4.261869715344522191e+00
4.261166482317942261e+00
4.260466919159865640e+00
4.259770998083300952e+00
4.259078691570256758e+00
4.258389972385741018e+00
4.257704813635191599e+00
4.257023188340631314e+00
4.256345070225905580e+00
4.255670433080505077e+00
4.254999250886179141e+00
4.254331497989598532e+00
4.253667148910912132e+00
4.253006178423879291e+00
4.252348561553024986e+00
4.251694273548293879e+00
4.251043289905157785e+00
4.250395586342754939e+00
4.249751138820591301e+00
4.249109923510623332e+00
4.248471916823376660e+00
4.247837095386524986e+00
4.247205436039509507e+00
4.246576915843730760e+00
4.245951512080144319e+00
4.245329202289763515e+00
4.244709964005362934e+00
4.244093775259924151e+00
4.243480614114053751e+00
4.242870458927518129e+00
4.242263288196880033e+00
4.241659080625997724e+00
4.241057815129692266e+00
4.240459470799030406e+00
4.239864026931873475e+00
4.239271463007267648e+00
4.238681758692348645e+00
4.238094893846162670e+00
4.237510848500385841e+00
4.236929602880517010e+00
4.236351137383852716e+00
4.235775432583452016e+00
4.235202469231988509e+00
4.234632228254266550e+00
4.234064690826450317e+00
4.233499838000422066e+00
4.232937651363107179e+00
4.232378112469051601e+00
4.231821203130142983e+00
4.231266905251314547e+00
4.230715200925200037e+00
4.230166072392191445e+00
4.229619502060564251e+00
4.229075472488641019e+00
4.228533966388667409e+00
4.227994966627923290e+00
4.227458456224517214e+00
4.226924418343253720e+00
4.226392836302043321e+00
4.225863693554715361e+00
4.225336973715670297e+00
4.224812660524627006e+00
4.224290737871207568e+00
4.223771189785721525e+00
4.223254000432693722e+00
4.222739154122240990e+00
4.222226635343869994e+00
4.221716428525950526e+00
4.221208518452636227e+00
4.220702889989967233e+00
4.220199528095385233e+00
4.219698417866456275e+00
4.219199544522242107e+00
4.218702893416831579e+00
4.218208450020940248e+00
4.217716199935379606e+00
4.217226128877704205e+00
4.216738222688331206e+00
4.216252467331736753e+00
4.215768848885722342e+00
4.215287353545107862e+00
4.214807967625337604e+00
4.214330677549558146e+00
4.213855469864013159e+00
4.213382331220512533e+00
4.212911248382442686e+00
4.212442208223710516e+00
4.211975197732294340e+00
4.211510203997699264e+00
4.211047214219160395e+00
4.210586215702328161e+00
4.210127195858265559e+00
4.209670142254161362e+00
4.209215042363045001e+00
4.208761883967307327e+00
4.208310654927896799e+00
4.207861343141776622e+00
4.207413936630088891e+00
4.206968423503946397e+00
4.206524791972394262e+00
4.206083030343664930e+00
4.205643127017757443e+00
4.205205070492080033e+00
4.204768849351952831e+00
4.204334452280523493e+00
4.203901868045064383e+00
4.203471085508978966e+00
4.203042093624546283e+00
4.202614881427921389e+00
4.202189438046779912e+00
4.201765752697376399e+00
4.201343814677509947e+00
4.200923613372021137e+00
4.200505138249936543e+00
4.200088378861663863e+00
4.199673324844402700e+00
4.199259965915239867e+00
4.198848291868430671e+00
4.198438292586827991e+00
4.198029958022972075e+00
4.197623278213534093e+00
4.197218243274553728e+00
4.196814843399733874e+00
4.196413068851848394e+00
4.196012909973994454e+00
4.195614357181014498e+00
4.195217400951085196e+00
4.194822031891326297e+00
4.194428240716914225e+00
4.194036017933657767e+00
4.193645354406483783e+00
4.193256241036713128e+00
4.192868668735316717e+00
4.192482628487780971e+00
4.192098111360993862e+00
4.191715108479857399e+00
4.191333611049365082e+00
4.190953610331407120e+00
4.190575097659239745e+00
4.190198064429420555e+00
4.189822502101288038e+00
4.189448402207470501e+00
4.189075756334883494e+00
4.188704556138933555e+00
4.188334793339261175e+00
4.187966459708321487e+00
4.187599547096253261e+00
4.187234047397772052e+00
4.186869952580543064e+00
4.186507254663081490e+00
4.186145945725046502e+00
4.185786017913790680e+00
4.185427463422582761e+00
4.185070274511375921e+00
4.184714443492197233e+00
4.184359962739203631e+00
4.184006824670767344e+00
4.183655021780316119e+00
4.183304546594236228e+00
4.182955391716367544e+00
4.182607549786176548e+00
4.182261013502435176e+00
4.181915775626086962e+00
4.181571828956006875e+00
4.181229166355736382e+00
4.180887780732735592e+00
4.180547665051448369e+00
4.180208812319474276e+00
4.179871215607183110e+00
4.179534868020668981e+00
4.179199762731199641e+00
4.178865892941767690e+00
4.178533251919641422e+00
4.178201832969683949e+00
4.177871629447101220e+00
4.177542634763487861e+00
4.177214842363756730e+00
4.176888245745225881e+00
4.176562838457157589e+00
4.176238614081183798e+00
4.175915566259712719e+00
4.175593688647883717e+00
4.175272975014551413e+00
4.174953419105873031e+00
4.174635014733548921e+00
4.174317755827170018e+00
4.174001636131430715e+00
4.173686649673424398e+00
4.173372790431898238e+00
4.173060052439647727e+00
4.172748429761574229e+00
4.172437916506697597e+00
4.172128506827796457e+00
4.171820194908920421e+00
4.171512974986345768e+00
4.171206841327027348e+00
4.170901788246407449e+00
4.170597810087068424e+00
4.170294901242413310e+00
4.169993056135431253e+00
4.169692269233305382e+00
4.169392535038196179e+00
4.169093848089922894e+00
4.168796202968599651e+00
4.168499594285561827e+00
4.168204016691875680e+00
4.167909464878015058e+00
4.167615933567766717e+00
4.167323417515121697e+00
4.167031911518401799e+00
4.166741410408446811e+00
4.166451909048382696e+00
4.166163402336229282e+00
4.165875885207453777e+00
4.165589352629042175e+00
4.165303799602075863e+00
4.165019221158681617e+00
4.164735612367380213e+00
4.164452968330018656e+00
4.164171284181514388e+00
4.163890555081330547e+00
4.163610776232582467e+00
4.163331942859723078e+00
4.163054050227560587e+00
4.162777093627297198e+00
4.162501068381784464e+00
4.162225969842583417e+00
4.161951793397848931e+00
4.161678534461276335e+00
4.161406188474620294e+00
4.161134750915499225e+00
4.160864217286461830e+00
4.160594583120130530e+00
4.160325843978973204e+00
4.160057995455083812e+00
4.159791033169957686e+00
4.159524952771658235e+00
4.159259749934632211e+00
4.158995420362126438e+00
4.158731959791150068e+00
4.158469363976711186e+00
4.158207628709742920e+00
4.157946749801417319e+00
4.157686723090698422e+00
4.157427544449229018e+00
4.157169209768371232e+00
4.156911714966692983e+00
4.156655055994803227e+00
4.156399228817503122e+00
4.156144229438796245e+00
4.155890053879057078e+00
4.155636698187409550e+00
4.155384158434062947e+00
4.155132430717598524e+00
4.154881511162281882e+00
4.154631395912963931e+00
4.154382081142300898e+00
4.154133563045654398e+00
4.153885837838506845e+00
4.153638901766039560e+00
4.153392751095638324e+00
4.153147382097460039e+00
4.152902791116612313e+00
4.152658974476527654e+00
4.152415928529504363e+00
4.152173649661233590e+00
4.151932134337957159e+00
4.151691378843042735e+00
4.151451379706159628e+00
4.151212133390068892e+00
4.150973636389982069e+00
4.150735885216932708e+00
4.150498876404682846e+00
4.150262606511876839e+00
4.150027072110282766e+00
4.149792269800890665e+00
4.149558196199869542e+00
4.149324847947660544e+00
4.149092221704222538e+00
4.148860314146624262e+00
4.148629121978029133e+00
4.148398641913898288e+00
4.148168870697749533e+00
4.147939805085171905e+00
4.147711441859484260e+00
4.147483777818085748e+00
4.147256809776847852e+00
4.147030534572217597e+00
4.146804949061064782e+00
4.146580050118334526e+00
4.146355834636924698e+00
4.146132299527571341e+00
4.145909441723108380e+00
4.145687258171752987e+00
4.145465745837015881e+00
4.145244901706294449e+00
4.145024722782027382e+00
4.144805206083765903e+00
4.144586348650218355e+00
4.144368147536963143e+00
4.144150599818479996e+00
4.143933702581628076e+00
4.143717452931952927e+00
4.143501847997799636e+00
4.143286884919568536e+00
4.143072560855977748e+00
4.142858872979734208e+00
4.142645818481644149e+00
4.142433394570481653e+00
4.142221598470787747e+00
4.142010427420689034e+00
4.141799878675960223e+00
4.141589949509900670e+00
4.141380637209102211e+00
4.141171939075419139e+00
4.140963852429964120e+00
4.140756374606848311e+00
4.140549502955140682e+00
4.140343234838774755e+00
4.140137567638473293e+00
4.139932498749613110e+00
4.139728025584148874e+00
4.139524145561481738e+00
4.139320856126415649e+00
4.139118154732023491e+00
4.138916038831680133e+00
4.138714505934560250e+00
4.138513553530067668e+00
4.138313179123557894e+00
4.138113380244078598e+00
4.137914154479386042e+00
4.137715499272441200e+00
4.137517412253860272e+00
4.137319891007051886e+00
4.137122933122990176e+00
4.136926536211770866e+00
4.136730697890918407e+00
4.136535415800715043e+00
4.136340687584884712e+00
4.136146510909687990e+00
4.135952883444720563e+00
4.135759802878109959e+00
4.135567266916369888e+00
4.135375273261631790e+00
4.135183819649363102e+00
4.134992903814304732e+00
4.134802523505502592e+00
4.134612676486208116e+00
4.134423360537497594e+00
4.134234573443303695e+00
4.134046313005234730e+00
4.133858577031375603e+00
4.133671363354660677e+00
4.133484669803324962e+00
4.133298494226605335e+00
4.133112834483631204e+00
4.132927688450645398e+00
4.132743054009991646e+00
4.132558929050103025e+00
4.132375311487131775e+00
4.132192199228736484e+00
4.132009590213679751e+00
4.131827482372200322e+00
4.131645873665393154e+00
4.131464762049359862e+00
4.131284145496596061e+00
4.131104021995870568e+00
4.130924389541513975e+00
4.130745246136926951e+00
4.130566589798048582e+00
4.130388418556762531e+00
4.130210730446821188e+00
4.130033523517798955e+00
4.129856795831496008e+00
4.129680545451473783e+00
4.129504770449989870e+00
4.129329468935495129e+00
4.129154639000792493e+00
4.128980278757492073e+00
4.128806386366594694e+00
4.128632959854092732e+00
4.128459997421567884e+00
4.128287497220774149e+00
4.128115457404893718e+00
4.127943876148788327e+00
4.127772751625288450e+00
4.127602082028720254e+00
4.127431865554671120e+00
4.127262100406681178e+00
4.127092784806183801e+00
4.126923916979093221e+00
4.126755495155801867e+00
4.126587517587666731e+00
4.126419982523808372e+00
4.126252888227575077e+00
4.126086232973169565e+00
4.125920015035780430e+00
4.125754232711148717e+00
4.125588884295911640e+00
4.125423968094112048e+00
4.125259482426849367e+00
4.125095425612814282e+00
4.124931795990845806e+00
4.124768591900532577e+00
4.124605811691834489e+00
4.124443453725011643e+00
4.124281516370557732e+00
4.124119997996449349e+00
4.123958896993513257e+00
4.123798211753143761e+00
4.123637940676775138e+00
4.123478082166397662e+00
4.123318634646506275e+00
4.123159596538924276e+00
4.123000966272210022e+00
4.122842742294053231e+00
4.122684923052521100e+00
4.122527506999179359e+00
4.122370492598343539e+00
4.122213878330057923e+00
4.122057662650093768e+00
4.121901844078961652e+00
4.121746421097523871e+00
4.121591392257017539e+00
4.121436755953684639e+00
4.121282510772616092e+00
4.121128655238151417e+00
4.120975187880820734e+00
4.120822107240321053e+00
4.120669411862455611e+00
4.120517100305088221e+00
4.120365171123139270e+00
4.120213622892451966e+00
4.120062454182897405e+00
4.119911663579196137e+00
4.119761249668984604e+00
4.119611211054600375e+00
4.119461546332398250e+00
4.119312254116286987e+00
4.119163333025893436e+00
4.119014781680698789e+00
4.118866598711709237e+00
4.118718782758468144e+00
4.118571332466109070e+00
4.118424246482436324e+00
4.118277523466574941e+00
4.118131162083137120e+00
4.117985161002199135e+00
4.117839518899272910e+00
4.117694234460986813e+00
4.117549306376470319e+00
4.117404733340194412e+00
4.117260514054776444e+00
4.117116647230929516e+00
4.116973131584591883e+00
4.116829965834094551e+00
4.116687148705770127e+00
4.116544678936696400e+00
4.116402555266254204e+00
4.116260776438909197e+00
4.116119341206966986e+00
4.115978248327751388e+00
4.115837496552528840e+00
4.115697084676214423e+00
4.115557011459972436e+00
4.115417275689179810e+00
4.115277876189638029e+00
4.115138811660664864e+00
4.115000080951427108e+00
4.114861682872039239e+00
4.114723616231916736e+00
4.114585879842508120e+00
4.114448472528088097e+00
4.114311393112206616e+00
4.114174640433825303e+00
4.114038213325767579e+00
4.113902110630833775e+00
4.113766331199059323e+00
4.113630873887673900e+00
4.113495737553092724e+00
4.113360921061537390e+00
4.113226423283681932e+00
4.113092243091998945e+00
4.112958379371277395e+00
4.112824831005419846e+00
4.112691596885319711e+00
4.112558675908811523e+00
4.112426066978032146e+00
4.112293768999397692e+00
4.112161780883583084e+00
4.112030101548091565e+00
4.111898729914631012e+00
4.111767664911667453e+00
4.111636905469249648e+00
4.111506450526697165e+00
4.111376299024869674e+00
4.111246449908723122e+00
4.111116902129830386e+00
4.110987654646345746e+00
4.110858706428023090e+00
4.110730056420768719e+00
4.110601703594760181e+00
4.110473646946753767e+00
4.110345885444677272e+00
4.110218418118003036e+00
4.110091243854972376e+00
4.109964361710291669e+00
4.109837770679959590e+00
4.109711469766287095e+00
4.109585457977860123e+00
4.109459734327033154e+00
4.109334297827447635e+00
4.109209147501409198e+00
4.109084282374927177e+00
4.108959701477695958e+00
4.108835403843076328e+00
4.108711388510521090e+00
4.108587654523104149e+00
4.108464200925083354e+00
4.108341026769155135e+00
4.108218131111578408e+00
4.108095513012155919e+00
4.107973171534216483e+00
4.107851105749396936e+00
4.107729314725624192e+00
4.107607797541484196e+00
4.107486553278997476e+00
4.107365581021232614e+00
4.107244879859419662e+00
4.107124448883437751e+00
4.107004287193636749e+00
4.106884393888992513e+00
4.106764768074176786e+00
4.106645408859526114e+00
4.106526315356330947e+00
4.106407486683836261e+00
4.106288921959879268e+00
4.106170620310208186e+00
4.106052580863788215e+00
4.105934802752792656e+00
4.105817285098746439e+00
4.105700027067877400e+00
4.105583027792650164e+00
4.105466286417907895e+00
4.105349802128220205e+00
4.105233574003810837e+00
4.105117601246861092e+00
4.105001883019177455e+00
4.104886418487891930e+00
4.104771206820907459e+00
4.104656247189157448e+00
4.104541538773351483e+00
4.104427080750422618e+00
4.104312872304780591e+00
4.104198912623790108e+00
4.104085200899988628e+00
4.103971736324374397e+00
4.103858518097544206e+00
4.103745545418536089e+00
4.103632817491493334e+00
4.103520333527844066e+00
4.103408092735231882e+00
4.103296094330752375e+00
4.103184337532113091e+00
4.103072821559827332e+00
4.102961545641569785e+00
4.102850509003412860e+00
4.102739710876375234e+00
4.102629150496392541e+00
4.102518827102121790e+00
4.102408739934932491e+00
4.102298888236735941e+00
4.102189271258599668e+00
4.102079888252093909e+00
4.101970738465016808e+00
4.101861821160677657e+00
4.101753135598573685e+00
4.101644681038696838e+00
