1.729570715769272127e+00
1.760719998284060006e+00
1.791947687012505064e+00
1.823255259874907885e+00
1.854644165323447558e+00
1.886115819944700567e+00
1.917671614978617933e+00
1.949312911706103435e+00
1.981041043357148368e+00
2.012857315585863560e+00
2.044763007036373814e+00
2.076759370047433606e+00
2.108847625954995308e+00
2.141028976726384592e+00
2.173304595748317247e+00
2.205675631405487724e+00
2.238143207430374204e+00
2.270708423436403667e+00
2.303372355572001151e+00
2.336136054451766864e+00
2.369000546669978391e+00
2.401966841208798886e+00
2.435035921844070916e+00
2.468208750566946552e+00
2.501486268085360898e+00
2.534869394360742767e+00
2.568359029400062443e+00
2.601956049883242361e+00
2.635661309373768191e+00
2.669475653264438808e+00
2.703399901215260304e+00
2.737434854499813941e+00
2.771581296328684552e+00
2.805839992424615570e+00
2.840211691829315210e+00
2.874697127862676727e+00
2.909296993616300231e+00
2.944012002916916781e+00
2.978842836236636149e+00
3.013790157876254483e+00
3.048854617709339632e+00
3.084036848961309474e+00
3.119337473304180541e+00
3.154757098252685132e+00
3.190296301770360277e+00
3.225955675453975324e+00
3.261735782085584123e+00
3.297637159356216152e+00
3.333660357098974014e+00
3.369805899924238179e+00
3.406074301779244973e+00
3.442466059517325316e+00
3.478981664830398390e+00
3.515621595806177613e+00
3.552386320768198935e+00
3.589276298955671685e+00
3.626291960342733045e+00
3.663433754514330065e+00
3.700702106889008913e+00
3.738097425493824399e+00
3.775620121672146556e+00
3.813270590281138794e+00
3.851049219111860822e+00
3.888956386903011264e+00
3.926992465562566537e+00
3.965157804921315865e+00
4.003452772031178775e+00
4.041877699985080064e+00
4.080432936164280378e+00
4.119118806718359949e+00
4.157935633909422890e+00
4.196883733477213774e+00
4.235963413118613019e+00
4.275174973582702265e+00
4.314518702745115064e+00
4.353994895685341149e+00
4.393603833207787801e+00
4.433345790216135285e+00
4.473221035876188800e+00
4.513229834108280158e+00
4.553372442633187411e+00
4.593649119675042414e+00
4.634060089573218022e+00
4.674605611701367458e+00
4.715285920495554173e+00
4.756101246297691709e+00
4.797051814968023464e+00
4.838137848103306382e+00
4.879359562824244101e+00
4.920717171580298199e+00
4.962210880523125311e+00
5.003840899510859863e+00
5.045607408823750362e+00
5.087510619411336421e+00
5.129550721000773805e+00
5.171727900288377811e+00
5.214042340507489826e+00
5.256494221405954903e+00
5.299083719269931159e+00
5.341811006333395895e+00
5.384676251763914401e+00
5.427679622130617609e+00
5.470821279671286064e+00
5.514101383848208471e+00
5.557520091123324235e+00
5.601077551934283250e+00
5.644773925844027929e+00
5.688609345850401233e+00
5.732583965562267458e+00
5.776697926621930712e+00
5.820951368120915070e+00
5.865344426665246580e+00
5.909877236358346053e+00
5.954549928846459395e+00
5.999362633425622704e+00
6.044315476307204449e+00
6.089408582187421537e+00
6.134642073527489359e+00
6.180016070401091355e+00
6.225530690781906351e+00
6.271186050677933110e+00
6.316982263965789102e+00
6.362919442259337366e+00
6.408997695292302232e+00
6.455217130947509041e+00
6.501577855271935213e+00
6.548079972446142705e+00
6.594723584913491976e+00
6.641508793348647188e+00
6.688435694095209882e+00
6.735504389233054390e+00
6.782714980254394455e+00
6.830067542029856220e+00
6.877562178691700723e+00
6.925198981110001206e+00
6.972978038679553237e+00
7.020899439348494475e+00
7.068963269724176435e+00
7.117169615012294059e+00
7.165518558274648342e+00
7.214010182553317385e+00
7.262644568970861414e+00
7.311421797386161714e+00
7.360341946429200810e+00
7.409405093488660832e+00
7.458611314756894650e+00
7.507960685237582865e+00
7.557453278794833196e+00
7.607089168150010572e+00
7.656868424991289501e+00
7.706791120161445185e+00
7.756857323218839362e+00
7.807067102378176138e+00
7.857420525031839631e+00
7.907917657607968387e+00
7.958558565610836411e+00
8.009343311377241648e+00
8.060271962357226982e+00
8.111344579482409500e+00
8.162561229318599842e+00
8.213921959442407328e+00
8.265426838507277552e+00
8.317075925618691912e+00
8.368869278995903827e+00
8.420806955990414622e+00
8.472889013183189988e+00
8.525115506364949525e+00
8.577486490584526280e+00
8.630002020122740092e+00
8.682662148511372635e+00
8.735466928598937031e+00
8.788416413105482050e+00
8.841510653573257272e+00
8.894749700295026429e+00
8.948133603347836029e+00
9.001662410378179047e+00
9.055336172889150603e+00
9.109154946204714776e+00
9.163118755864353204e+00
9.217227663739640420e+00
9.271481715524156897e+00
9.325880956457254456e+00
9.380425431387045876e+00
9.435115184637906438e+00
9.489950260019353934e+00
9.544930700781169008e+00
9.600056549681470486e+00
9.655327849401281526e+00
9.710744642256742054e+00
9.766306968784153497e+00
9.822014869692759831e+00
9.877868382272794179e+00
9.933867550968738414e+00
9.990012418459620847e+00
1.004630300763180095e+01
1.010273936858575183e+01
1.015932153845183272e+01
1.021604955425394046e+01
1.027292345270505791e+01
1.032994327014535862e+01
1.038710904252920741e+01
1.044442080551887742e+01
1.050187859508589661e+01
1.055948244557522564e+01
1.061723239118052220e+01
1.067512846327367093e+01
1.073317069980807936e+01
1.079135914056301715e+01
1.084969379538522105e+01
1.090817471327673083e+01
1.096680192532618392e+01
1.102557546277209610e+01
1.108449535672182940e+01
1.114356163803655164e+01
1.120277433731791561e+01
1.126213348501962663e+01
1.132163911092365360e+01
1.138129124569769779e+01
1.144108991784246143e+01
1.150103515367679208e+01
1.156112698643164372e+01
1.162136545159880541e+01
1.168175055283627373e+01
1.174228233545381528e+01
1.180296082590163920e+01
1.186378605084722082e+01
1.192475803693035097e+01
1.198587681064089949e+01
1.204714239829616673e+01
1.210855482560924656e+01
1.217011411864625003e+01
1.223182030397894948e+01
1.229367340587123536e+01
1.235567344656069722e+01
1.241782045542373858e+01
1.248011445515141737e+01
1.254255547302929763e+01
1.260514352199789023e+01
1.266787863485745369e+01
1.273076083455359253e+01
1.279379014370238288e+01
1.285696658607554355e+01
1.292029018340902269e+01
1.298376096035141281e+01
1.304737893778470870e+01
1.311114413474990137e+01
1.317505657825513765e+01
1.323911629503044551e+01
1.330332328593945768e+01
1.336767758788000648e+01
1.343217922084931359e+01
1.349682820523524107e+01
1.356162456155100848e+01
1.362656830994938773e+01
1.369165946985000204e+01
1.375689806308734831e+01
1.382228410971011456e+01
1.388781762851416701e+01
1.395349863542314495e+01
1.401932715592760204e+01
1.408530320476606867e+01
1.415142681179611905e+01
1.421769797254273726e+01
1.428411672228228291e+01
1.435068307823005718e+01
1.441739705820486606e+01
1.448425868009304018e+01
1.455126796066294048e+01
1.461842491827272994e+01
1.468572957284774283e+01
1.475318194003956940e+01
1.482078203363231594e+01
1.488852987658695248e+01
1.495642548931319915e+01
1.502446887075693738e+01
1.509266005186090887e+01
1.516099904815677846e+01
1.522948587571695001e+01
1.529812054987184666e+01
1.536690308638920044e+01
1.543583350252374586e+01
1.550491181514080807e+01
1.557413803855404844e+01
1.564351218390048714e+01
1.571303428362406329e+01
1.578270432237412635e+01
1.585252233654901488e+01
1.592248833950798392e+01
1.599260234566281369e+01
1.606286436808678886e+01
1.613327442161162040e+01
1.620383252312962696e+01
1.627453868639495482e+01
1.634539292099728058e+01
1.641639524740629241e+01
1.648754567975761276e+01
1.655884422059080663e+01
1.663029089468616917e+01
1.670188571461483207e+01
1.677362869240703702e+01
1.684551984145775450e+01
1.691755917881608795e+01
1.698974671530775993e+01
1.706208245912673149e+01
1.713456643830579651e+01
1.720719863988287202e+01
1.727997909574652979e+01
1.735290781680269490e+01
1.742598481363659957e+01
1.749921009850102749e+01
1.757258368721392472e+01
1.764610559052123406e+01
1.771977581510161315e+01
1.779359438780965519e+01
1.786756129535309867e+01
1.794167656873188221e+01
1.801594021744639207e+01
1.809035225151400184e+01
1.816491268251586533e+01
1.823962152621472299e+01
1.831447878696755538e+01
1.838948448211453623e+01
1.846463862258194055e+01
1.853994120943618995e+01
1.861539226482564402e+01
1.869099179703120228e+01
1.876673981639648758e+01
1.884263633781810299e+01
1.891868136643457987e+01
1.899487491747475332e+01
1.907121700272579901e+01
1.914770761972827984e+01
1.922434679210207875e+01
1.930113452717906597e+01
1.937807083443913569e+01
1.945515572905854995e+01
1.953238921396682670e+01
1.960977130498191912e+01
1.968730201033258354e+01
1.976498133287655534e+01
1.984280929109567992e+01
1.992078589263772415e+01
1.999891114801042846e+01
2.007718506994176266e+01
2.015560765967181567e+01
2.023417894014156104e+01
2.031289889847799657e+01
2.039176756206234842e+01
2.047078493637526719e+01
2.054995102966818976e+01
2.062926585691948489e+01
2.070872941786007715e+01
2.078834173667811669e+01
2.086810279392021883e+01
2.094801262174473422e+01
2.102807122425182129e+01
2.110827860890720586e+01
2.118863479062510180e+01
2.126913976825634123e+01
2.134979356477851553e+01
2.143059616260564582e+01
2.151154759164951358e+01
2.159264785588165481e+01
2.167389696341502159e+01
2.175529492728615466e+01
2.183684174572058723e+01
2.191853743872355409e+01
2.200038199769097247e+01
2.208237544376347827e+01
2.216451778238152670e+01
2.224680902433523144e+01
2.232924917322105074e+01
2.241183825234095650e+01
2.249457623150074070e+01
2.257746315028531470e+01
2.266049900992539889e+01
2.274368381721688692e+01
2.282701758521146118e+01
2.291050031045465118e+01
2.299413201138924379e+01
2.307791268177679100e+01
2.316184233975003082e+01
2.324592098980020083e+01
2.333014864608259131e+01
2.341452530522037989e+01
2.349905098652122959e+01
2.358372567725092495e+01
2.366854940044344247e+01
2.375352215976247905e+01
2.383864396729651247e+01
2.392391482180497420e+01
2.400933474201475448e+01
2.409490371215533955e+01
2.418062175741383513e+01
2.426648888070768351e+01
2.435250509391484641e+01
2.443867039528958784e+01
2.452498480275077952e+01
2.461144830184890964e+01
2.469806091633232015e+01
2.478482264861872508e+01
2.487173351242699582e+01
2.495879350268812402e+01
2.504600263657970061e+01
2.513336090466182426e+01
2.522086832620262342e+01
2.530852490477986905e+01
2.539633065369460851e+01
2.548428556584784843e+01
2.557238965721417756e+01
2.566064292476272612e+01
2.574904538212290106e+01
2.583759703609162273e+01
2.592629789029157550e+01
2.601514796189385237e+01
2.610414722612502558e+01
2.619329571464142603e+01
2.628259342753526440e+01
2.637204037754014507e+01
2.646163655889746380e+01
2.655138198711514264e+01
2.664127665427859526e+01
2.673132057748237855e+01
2.682151376182165592e+01
2.691185621178233234e+01
2.700234794361283619e+01
2.709298893091846949e+01
2.718377920631674627e+01
2.727471877226449593e+01
2.736580763265947525e+01
2.745704578877126423e+01
2.754843325223582085e+01
2.763997001834820466e+01
2.773165610094260813e+01
2.782349150772080648e+01
2.791547623799015554e+01
2.800761030553231734e+01
2.809989369669806081e+01
2.819232643270616379e+01
2.828490851705041109e+01
2.837763995403605222e+01
2.847052075811381044e+01
2.856355090452313661e+01
2.865673042388702640e+01
2.875005931586191465e+01
2.884353758840230952e+01
2.893716525745629653e+01
2.903094228587496062e+01
2.912486871503009311e+01
2.921894454384692708e+01
2.931316977809921553e+01
2.940754441513032091e+01
2.950206846715262898e+01
2.959674192899776912e+01
2.969156481280169046e+01
2.978653712916476692e+01
2.988165887268113607e+01
2.997693005406853928e+01
3.007235066853198191e+01
3.016792072878797981e+01
3.026364024674834141e+01
3.035950921276164394e+01
3.045552763936068885e+01
3.055169552342637829e+01
3.064801287557296661e+01
3.074447970927199592e+01
3.084109601260348299e+01
3.093786179816711268e+01
3.103477706485742615e+01
3.113184182190577687e+01
3.122905607788835880e+01
3.132641984596245877e+01
3.142393308945477770e+01
3.152159584884910970e+01
3.161940812113921595e+01
3.171736991204316425e+01
3.181548123287912944e+01
3.191374205729447766e+01
3.201215241635295428e+01
3.211071231078164345e+01
3.220942174243481304e+01
3.230828072140782581e+01
3.240728923112195048e+01
3.250644729371284569e+01
3.260575491457014863e+01
3.270521209000539642e+01
3.280481882997163723e+01
3.290457512623052594e+01
3.300448099298810689e+01
3.310453644248795513e+01
3.320474147572546286e+01
3.330509606233322728e+01
3.340560024419806240e+01
3.350625401677907433e+01
3.360705738418919708e+01
3.370801035570012516e+01
3.380911291006430019e+01
3.391036507321324223e+01
3.401176684939655104e+01
3.411331823454386125e+01
3.421501923748481744e+01
3.431686985125987377e+01
3.441887008890126509e+01
3.452101995797605838e+01
3.462331946832124885e+01
3.472576858752038476e+01
3.482836735146477736e+01
3.493111576028329779e+01
3.503401381273154414e+01
3.513706151683486922e+01
3.524025886191446233e+01
3.534360586371289514e+01
3.544710252943328754e+01
3.555074886947070212e+01
3.565454484847938232e+01
3.575849050457795641e+01
3.586258583748735163e+01
3.596683084516039486e+01
3.607122553488044048e+01
3.617576989777249707e+01
3.628046394848379208e+01
3.638530769340345472e+01
3.649030114021604021e+01
3.659544426135393280e+01
3.670073708789255562e+01
3.680617962348735261e+01
3.691177186144455646e+01
3.701751380868115859e+01
3.712340546278902309e+01
3.722944683555605394e+01
3.733563792880755727e+01
3.744197874892408606e+01
3.754846928030186604e+01
3.765510954262333598e+01
3.776189954184937392e+01
3.786883928674478028e+01
3.797592874427589749e+01
3.808316794985626785e+01
3.819055690604237441e+01
3.829809560558474857e+01
3.840578405440349030e+01
3.851362225144634976e+01
3.862161020856076021e+01
3.872974792515833542e+01
3.883803540641124386e+01
3.894647264225787353e+01
3.905505964899030147e+01
3.916379643056067295e+01
3.927268299227254289e+01
3.938171931338595755e+01
3.949090541799229470e+01
3.960024131065268449e+01
3.970972699958075935e+01
3.981936245210596326e+01
3.992914770267143609e+01
4.003908275602353939e+01
4.014916761386859179e+01
4.025940224209006857e+01
4.036978668363124712e+01
4.048032093702089185e+01
4.059100499558886810e+01
4.070183886347020774e+01
4.081282254018883293e+01
4.092395603850925312e+01
4.103523935492800234e+01
4.114667249297750118e+01
4.125825544839388215e+01
4.136998823555797600e+01
4.148187085304756749e+01
4.159390330402178648e+01
4.170608558097721641e+01
4.181841769998187885e+01
4.193089966096876964e+01
4.204353146677745912e+01
4.215631310741525084e+01
4.226924460045234611e+01
4.238232594656394525e+01
4.249555714827778985e+01
4.260893819406494742e+01
4.272246910255903884e+01
4.283614987463813861e+01
4.294998051251451443e+01
4.306396100422052342e+01
4.317809136882820553e+01
4.329237160698769316e+01
4.340680172055756003e+01
4.352138169821429159e+01
4.363611155888643367e+01
4.375099130248918300e+01
4.386602093055322626e+01
4.398120043346112595e+01
4.409652982942793642e+01
4.421200911716396575e+01
4.432763829786125598e+01
4.444341736453983316e+01
4.455934633434689118e+01
4.467542520424218111e+01
4.479165397505529711e+01
4.490803264324654265e+01
4.502456122485027379e+01
4.514123971422043269e+01
4.525806811200916258e+01
4.537504641865713495e+01
4.549217464941947497e+01
4.560945280970737770e+01
4.572688085592363194e+01
4.584445883714370495e+01
4.596218674751369093e+01
4.608006459963980461e+01
4.619809235136484205e+01
4.631627004269289216e+01
4.643459767385493819e+01
4.655307524876820224e+01
4.667170274035265010e+01
4.679048017842337970e+01
4.690940756404788914e+01
4.702848489679642796e+01
4.714771216233904028e+01
4.726708938300662766e+01
4.738661655651600313e+01
4.750629368172438660e+01
4.762612075428566527e+01
4.774609779212381255e+01
4.786622480443166694e+01
4.798650173870223767e+01
4.810692865062332402e+01
4.822750553298108400e+01
4.834823239559295871e+01
4.846910920053511518e+01
4.859013598498128772e+01
4.871131274924569254e+01
4.883263949205990428e+01
4.895411619765040001e+01
4.907574289003863299e+01
4.919751956577939467e+01
4.931944622240499143e+01
4.944152285811531300e+01
4.956374949137356367e+01
4.968612612067094858e+01
4.980865271257258797e+01
4.993132930806872594e+01
5.005415590575167784e+01
5.017713250538591296e+01
5.030025908660041267e+01
5.042353567656279267e+01
5.054696227188009772e+01
5.067053886911530469e+01
5.079426546630566008e+01
5.091814207641638745e+01
5.104216871412867107e+01
5.116634533136112140e+01
5.129067197267983147e+01
5.141514863672447433e+01
5.153977532046292254e+01
5.166455200990030505e+01
5.178947872950267595e+01
5.191455547245578828e+01
5.203978223485652421e+01
5.216515902047493825e+01
5.229068584113587548e+01
5.241636270042658907e+01
5.254218957037488735e+01
5.266816648316320482e+01
5.279429343494943083e+01
5.292057042060285710e+01
5.304699743885667829e+01
5.317357450332212210e+01
5.330030162409834560e+01
5.342717876126963716e+01
5.355420595454528865e+01
5.368138320071027181e+01
5.380871049413496365e+01
5.393618783012283302e+01
5.406381522404076634e+01
5.419159268889058012e+01
5.431952017852665193e+01
5.444759773706682893e+01
5.457582536093048731e+01
5.470420304390577115e+01
5.483273078063550088e+01
5.496140858715205724e+01
5.509023647567951087e+01
5.521921440127721326e+01
5.534834240751622758e+01
5.547762049007417318e+01
5.560704864198905284e+01
5.573662686023977386e+01
5.586635516023990533e+01
5.599623354991079793e+01
5.612626199253261916e+01
5.625644052671101036e+01
5.638676914654949002e+01
5.651724784482019714e+01
5.664787662290897430e+01
5.677865549521585820e+01
5.690958446204970755e+01
5.704066349970793937e+01
5.717189264005461524e+01
5.730327189074894534e+01
5.743480119357228375e+01
5.756648060843873793e+01
5.769831012889627431e+01
5.783028974750244089e+01
5.796241945504424109e+01
5.809469927057663341e+01
5.822712920500416800e+01
5.835970921452310733e+01
5.849243934299866510e+01
5.862531958324572656e+01
5.875834992680512414e+01
5.889153037625204945e+01
5.902486094649260195e+01
5.915834163301291682e+01
5.929197241933176343e+01
5.942575333545163829e+01
5.955968437488806444e+01
5.969376550588287955e+01
5.982799677170012842e+01
5.996237816461398040e+01
6.009690967521722627e+01
6.023159130550843088e+01
6.036642307114392025e+01
6.050140496651741984e+01
6.063653697641039741e+01
6.077181912363131033e+01
6.090725141916414032e+01
6.104283381932111041e+01
6.117856636028142958e+01
6.131444904655634787e+01
6.145048186897615494e+01
6.158666481854700692e+01
6.172299791564746130e+01
6.185948116475351810e+01
6.199611453302555475e+01
6.213289805945236566e+01
6.226983174470365157e+01
6.240691553930093960e+01
6.254414949904438004e+01
6.268153361416678848e+01
6.281906787353747745e+01
6.295675227962666298e+01
6.309458684873802525e+01
6.323257157146343843e+01
6.337070643788123903e+01
6.350899146947498508e+01
6.364742666853431530e+01
6.378601200536827065e+01
6.392474751835104740e+01
6.406363320014524732e+01
6.420266901605013743e+01
