1.199999999999965716e+01
1.197940948125400240e+01
1.195968983956537812e+01
1.194082779696173269e+01
1.192281050734762715e+01
1.190562554209452273e+01
1.188926087615452154e+01
1.187370487473741321e+01
1.185894628043743460e+01
1.184497420088203867e+01
1.183177809682395143e+01
1.181934777065353259e+01
1.180767335536288343e+01
1.179674530388607856e+01
1.178655437882587265e+01
1.177709164255711549e+01
1.176834844767717669e+01
1.176031642778170472e+01
1.175298748857487929e+01
1.174635379927341816e+01
1.174040778431800014e+01
1.173514211535910867e+01
1.173054970350810322e+01
1.172662369184713782e+01
1.172335744818950332e+01
1.172074455807655191e+01
1.171877881798595311e+01
1.171745422877407350e+01
1.171676498931470611e+01
1.171670549033908593e+01
1.171727030844928663e+01
1.171845420034342489e+01
1.172025209719007144e+01
1.172265909916942306e+01
1.172567047018376840e+01
1.172928163271433100e+01
1.173348816282058316e+01
1.173828578528626387e+01
1.174367036889927718e+01
1.174963792182381717e+01
1.175618458716891368e+01
1.176330663860456305e+01
1.177100047612595901e+01
1.177926262190477580e+01
1.178808971624927260e+01
1.179747851371746137e+01
1.180742587922205011e+01
1.181792878430319860e+01
1.182898430344985741e+01
1.184058961054831016e+01
1.185274197537073704e+01
1.186543876015915799e+01
1.187867741623199080e+01
1.189245548080530490e+01
1.190677057380844239e+01
1.192162039467380730e+01
1.193700271896868514e+01
1.195291539614827769e+01
1.196935634589113917e+01
1.198632355537183436e+01
1.200381507709193762e+01
1.202182902466813452e+01
1.204036357147967706e+01
1.205941694781030904e+01
1.207898743698589428e+01
1.209907337504957070e+01
1.211967314527570672e+01
1.214078517857939232e+01
1.216240794997278307e+01
1.218453997465704042e+01
1.220717980851937234e+01
1.223032604435511850e+01
1.225397730820664854e+01
1.227813226035779159e+01
1.230278959072448508e+01
1.232794801738933899e+01
1.235360628511450365e+01
1.237976316124226628e+01
1.240641743790911811e+01
1.243356792592489946e+01
1.246121345343564180e+01
1.248935286803141942e+01
1.251798502862395246e+01
1.254710880925006578e+01
1.257672309506741293e+01
1.260682677957638020e+01
1.263741876543782894e+01
1.266849796048733090e+01
1.270006327895568177e+01
1.273211363619450154e+01
1.276464795194386781e+01
1.279766514399347699e+01
1.283116413121441113e+01
1.286514382911976817e+01
1.289960315040218219e+01
1.293454100284011155e+01
1.296995628921733612e+01
1.300584790389102885e+01
1.304221473520704322e+01
1.307905566130172303e+01
1.311636955095279511e+01
1.315415526221885401e+01
1.319241164157650914e+01
1.323113752316825753e+01
1.327033172805684735e+01
1.330999306362311252e+01
1.335012032271347948e+01
1.339071228277212633e+01
1.343176770649941609e+01
1.347328534026370583e+01
1.351526391405842809e+01
1.355770214118595618e+01
1.360059871766787154e+01
1.364395232181440676e+01
1.368776161497143917e+01
1.373202524045082207e+01
1.377674182373718459e+01
1.382190997234360275e+01
1.386752827515202391e+01
1.391359530383830467e+01
1.396010961185824328e+01
1.400706973488363261e+01
1.405447419104729256e+01
1.410232148017803944e+01
1.415061008571746193e+01
1.419933847380847070e+01
1.424850509397879073e+01
1.429810837942488710e+01
1.434814674676995772e+01
1.439861859777273523e+01
1.444952231881168814e+01
1.450085628167800600e+01
1.455261884407618211e+01
1.460480834945554385e+01
1.465742312886735021e+01
1.471046150062832147e+01
1.476392177128162153e+01
1.481780223583854728e+01
1.487210117850102442e+01
1.492681687380563815e+01
1.498194758680689098e+01
1.503749157407670189e+01
1.509344708368884724e+01
1.514981235678043880e+01
1.520658562788165291e+01
1.526376512566442756e+01
1.532134907374708632e+01
1.537933569078346174e+01
1.543772319226685141e+01
1.549650979045165933e+01
1.555569369554478243e+01
1.561527311574620391e+01
1.567524625873635280e+01
1.573561133194194106e+01
1.579636654336496804e+01
1.585751010234723246e+01
1.591904021978686146e+01
1.598095510956176213e+01
1.604325298855741977e+01
1.610593207779439595e+01
1.616899060242376152e+01
1.623242679316193104e+01
1.629623888618078453e+01
1.636042512422895356e+01
1.642498375653100595e+01
1.648991304043176243e+01
1.655521124076549100e+01
1.662087663108941271e+01
1.668690749375372206e+01
1.675330212119433071e+01
1.682005881532694147e+01
1.688717588857602792e+01
1.695465166403710100e+01
1.702248447688566202e+01
1.709067267319090533e+01
1.715921461107403090e+01
1.722810866107507266e+01
1.729735320718129898e+01
1.736694664574786984e+01
1.743688738621717960e+01
1.750717385170674234e+01
1.757780448022620590e+01
1.764877772318083160e+01
1.772009204572884045e+01
1.779174592785092202e+01
1.786373786507926908e+01
1.793606636764971896e+01
1.800872996025371364e+01
1.808172718248682287e+01
1.815505658946365841e+01
1.822871675309972517e+01
1.830270626003530765e+01
1.837702370969421395e+01
1.845166772579868919e+01
1.852663693433968817e+01
1.860192998911840334e+01
1.867754555194607846e+01
1.875348230745563427e+01
1.882973895034976053e+01
1.890631419323338847e+01
1.898320676432668819e+01
1.906041540747129304e+01
1.913793888242066288e+01
1.921577596462870474e+01
1.929392544696796108e+01
1.937238613143179577e+01
1.945115684297931224e+01
1.953023641714631609e+01
1.960962371031795115e+01
1.968931758894036221e+01
1.976931693623508579e+01
1.984962065045909796e+01
1.993022764458789808e+01
2.001113684677245885e+01
2.009234719973004601e+01
2.017385766347101850e+01
2.025566720269759813e+01
2.033777480579717789e+01
2.042017947689877033e+01
2.050288022839243141e+01
2.058587608838628924e+01
2.066916609863723053e+01
2.075274931456796779e+01
2.083662480526529848e+01
2.092079165306200395e+01
2.100524895652684165e+01
2.108999581332817996e+01
2.117503135482701282e+01
2.126035471301399937e+01
2.134596503417659008e+01
2.143186147717241141e+01
2.151804321294614653e+01
2.160450942488524717e+01
2.169125930820041503e+01
2.177829206988542410e+01
2.186560692650874671e+01
2.195320311262768698e+01
2.204107986362686233e+01
2.212923643562110598e+01
2.221767209177978941e+01
2.230638610607638839e+01
2.239537776325231633e+01
2.248464635883552276e+01
2.257419119869491198e+01
2.266401159890695638e+01
2.275410688309496621e+01
2.284447639209048475e+01
2.293511946620286679e+01
2.302603546433454795e+01
2.311722375105324900e+01
2.320868370018579441e+01
2.330041469527786546e+01
2.339241612893571443e+01
2.348468740269004584e+01
2.357722792421534663e+01
2.367003711934704313e+01
2.376311440480358428e+01
2.385645922322579793e+01
2.395007101814927353e+01
2.404394924139471357e+01
2.413809335281373691e+01
2.423250282049800930e+01
2.432717712031085711e+01
2.442211573577543859e+01
2.451731815779327661e+01
2.461278388158463670e+01
2.470851241954264310e+01
2.480450327578322955e+01
2.490075597549928688e+01
2.499727004496190119e+01
2.509404501706704238e+01
2.519108043214850312e+01
2.528837583706275893e+01
2.538593078535484082e+01
2.548374483675778279e+01
2.558181755433151849e+01
2.568014851919783226e+01
2.577873729510458034e+01
2.587758347604355791e+01
2.597668665137351596e+01
2.607604641653541933e+01
2.617566237292304976e+01
2.627553412783542797e+01
2.637566129418468819e+01
2.647604349048034678e+01
2.657668034032993987e+01
2.667757147004677876e+01
2.677871651774642103e+01
2.688011512599976882e+01
2.698176692479909278e+01
2.708367157362612687e+01
2.718582872576671150e+01
2.728823803967393857e+01
2.739089917840432875e+01
2.749381181000832441e+01
2.759697560708015018e+01
2.770039024680093931e+01
2.780405541106214784e+01
2.790797078574402690e+01
2.801213606078047036e+01
2.811655092745649043e+01
2.822121508945099322e+01
2.832612825272930834e+01
2.843129010879430041e+01
2.853670037875745180e+01
2.864235877645539219e+01
2.874826501981688764e+01
2.885441883069567126e+01
2.896081993444820313e+01
2.906746806044332843e+01
2.917436294156648557e+01
2.928150431423015121e+01
2.938889191833631287e+01
2.949652549722449635e+01
2.960440479769475886e+01
2.971252957000103834e+01
2.982089956741479853e+01
2.992951454627370822e+01
3.003837426619768536e+01
3.014747848999476076e+01
3.025682698354380662e+01
3.036641951240102344e+01
3.047625585447734409e+01
3.058633578181627755e+01
3.069665907789908132e+01
3.080722550776298618e+01
3.091803486540822732e+01
3.102908693655003347e+01
3.114038150974098329e+01
3.125191837593692057e+01
3.136369732909248143e+01
3.147571816554197000e+01
3.158798068581380036e+01
3.170048469079931763e+01
3.181322998528631274e+01
3.192621637552362657e+01
3.203944366646585706e+01
3.215291167504711467e+01
3.226662021278759340e+01
3.238056909586961751e+01
3.249475814468853940e+01
3.260918717943114586e+01
3.272385601699935620e+01
3.283876449050670487e+01
3.295391241930735760e+01
3.306929963730689082e+01
3.318492597561409951e+01
3.330079126649754073e+01
3.341689534661998096e+01
3.353323805341832298e+01
3.364981921879957127e+01
3.376663869155964193e+01
3.388369631271758919e+01
3.400099192806243309e+01
3.411852538411758218e+01
3.423629652734117457e+01
3.435430521695641204e+01
3.447255128479643105e+01
3.459103460154593535e+01
3.470975501902255189e+01
3.482871239638373595e+01
3.494790658779752590e+01
3.506733745892964293e+01
3.518700486436911490e+01
3.530690867379766473e+01
3.542704875402359477e+01
3.554742496704712096e+01
3.566803718887523189e+01
3.578888527493760563e+01
3.590996910870760672e+01
3.603128855975445788e+01
3.615284350585368855e+01
3.627463381656269092e+01
3.639665937867041379e+01
3.651892005318027401e+01
3.664141573452562284e+01
3.676414629999786854e+01
3.688711163411900174e+01
3.701031161890428223e+01
3.713374614895483461e+01
3.725741508439811867e+01
3.738131833584772323e+01
3.750545578692926085e+01
3.762982732938147734e+01
3.775443285077273003e+01
3.787927224923097214e+01
3.800434540919004434e+01
3.812965223224077960e+01
3.825519261784179292e+01
3.838096645448974442e+01
3.850697364716480564e+01
3.863321408943653523e+01
3.875968768623287986e+01
3.888639434056104704e+01
3.901333395055302589e+01
3.914050642946953218e+01
3.926791166216924012e+01
3.939554957113134037e+01
3.952342005892635513e+01
3.965152303413587020e+01
3.977985840495109215e+01
3.990842608653451862e+01
4.003722597108822612e+01
4.016625798702109051e+01
4.029552204354398981e+01
4.042501805256309666e+01
4.055474593790520998e+01
4.068470558935186432e+01
4.081489694488811182e+01
4.094531991802475090e+01
4.107597442300384216e+01
4.120686038279928454e+01
4.133797770845713160e+01
4.146932632742829838e+01
4.160090616032963595e+01
4.173271713038694486e+01
4.186475915529299385e+01
4.199703215966733438e+01
4.212953607040351756e+01
4.226227081194274149e+01
4.239523631867432130e+01
4.252843249178064156e+01
4.266185928097866764e+01
4.279551660989403672e+01
4.292940440506558986e+01
4.306352260387858166e+01
4.319787111630351006e+01
4.333244989088316146e+01
4.346725885721219385e+01
4.360229794098216161e+01
4.373756708703119500e+01
4.387306620936386992e+01
4.400879525758676891e+01
4.414475416634772387e+01
4.428094286331499063e+01
4.441736129684360890e+01
4.455400938152356360e+01
4.469088707435918195e+01
4.482799430884519154e+01
4.496533102771335422e+01
4.510289715453387061e+01
4.524069264312893779e+01
4.537871743091733379e+01
4.551697146355253665e+01
4.565545466579846590e+01
4.579416699489706133e+01
4.593310839012283253e+01
4.607227879910622192e+01
4.621167814954843323e+01
4.635130640010030589e+01
4.649116349231878331e+01
4.663124937819814164e+01
4.677156398201898213e+01
4.691210726925849173e+01
4.705287918167297789e+01
4.719387966932697509e+01
4.733510867614940310e+01
4.747656614678897569e+01
4.761825203611935109e+01
4.776016629165972915e+01
4.790230886615041328e+01
4.804467970329782389e+01
4.818727875540628958e+01
4.833010597726470792e+01
4.847316131669673211e+01
4.861644473328910721e+01
4.875995616206822802e+01
4.890369557104313714e+01
4.904766290932187189e+01
4.919185813399383278e+01
4.933628119325254602e+01
4.948093204134539036e+01
4.962581063830002392e+01
4.977091693555599505e+01
4.991625089632345436e+01
5.006181245954122261e+01
5.020760159684020607e+01
5.035361826088913517e+01
5.049986241253721886e+01
5.064633400149431708e+01
5.079303299041628605e+01
5.093995934037060636e+01
5.108711300399455979e+01
5.123449394431318638e+01
5.138210211763081503e+01
5.152993748666460760e+01
5.167800001551591293e+01
5.182628965547492328e+01
5.197480637173780593e+01
5.212355012644488284e+01
5.227252089028111470e+01
5.242171859810386536e+01
5.257114323649533816e+01
5.272079476112408258e+01
5.287067314001972562e+01
5.302077832046386874e+01
5.317111027930572220e+01
5.332166898243649200e+01
5.347245438459225397e+01
5.362346645335450290e+01
5.377470515864453660e+01
5.392617045718782975e+01
5.407786232093855006e+01
5.422978070939327466e+01
5.438192559321802833e+01
5.453429693720081417e+01
5.468689471928459511e+01
5.483971887478261209e+01
5.499276939859669255e+01
5.514604625011167371e+01
5.529954941190251816e+01
5.545327881085734845e+01
5.560723445110082253e+01
5.576141629090636798e+01
5.591582430342030108e+01
5.607045844887457520e+01
5.622531869913182589e+01
5.638040502498168394e+01
5.653571740066159634e+01
5.669125578765682860e+01
5.684702015795892294e+01
5.700301048388493541e+01
5.715922674068884390e+01
5.731566889084899685e+01
5.747233690699891184e+01
5.762923076262047317e+01
5.778635043395882320e+01
5.794369588430991058e+01
5.810126708724524747e+01
5.825906401728603612e+01
5.841708666196284838e+01
5.857533495257310108e+01
5.873380889903250335e+01
5.889250846358126523e+01
5.905143362396097473e+01
5.921058434012352478e+01
5.936996060141397180e+01
5.952956237168137221e+01
5.968938962813139426e+01
5.984944234501104177e+01
6.000972049784400042e+01
6.017022406724463224e+01
6.033095301009624478e+01
6.049190732023084394e+01
6.065308696336505534e+01
6.081449191671953258e+01
6.097612215741858677e+01
6.113797766006028667e+01
6.130005841360337371e+01
6.146236436121448321e+01
6.162489550943323025e+01
6.178765182532011835e+01
6.195063329192773693e+01
6.211383986974421845e+01
6.227727155304437900e+01
6.244092831029784918e+01
6.260481012336099127e+01
6.276891696397467513e+01
6.293324881479395572e+01
6.309780566931123502e+01
6.326258746191508919e+01
6.342759421010280363e+01
6.359282588067982545e+01
6.375828245930873805e+01
6.392396390541690465e+01
6.408987021777429050e+01
6.425600136573312682e+01
6.442235733261279051e+01
6.458893809286969656e+01
6.475574363038528247e+01
6.492277393737323621e+01
6.509002895788445642e+01
6.525750870487324562e+01
6.542521314741435390e+01
6.559314227061324232e+01
6.576129604335999090e+01
6.592967445560668693e+01
6.609827750584155126e+01
6.626710512320390478e+01
6.643615733497067311e+01
6.660543410694030797e+01
6.677493543994999925e+01
6.694466126793544447e+01
6.711461161268015019e+01
6.728478646278787778e+01
6.745518575498446978e+01
6.762580951255065997e+01
6.779665770257101087e+01
6.796773030830490825e+01
6.813902731179322814e+01
6.831054869683930519e+01
6.848229444891863693e+01
6.865426454034385984e+01
6.882645896299962374e+01
6.899887770999364989e+01
6.917152073224406195e+01
6.934438804419646374e+01
6.951747961547346222e+01
6.969079543185910097e+01
6.986433547680928768e+01
7.003809973492049323e+01
7.021208819387460665e+01
7.038630082512320030e+01
7.056073762320683329e+01
7.073539858267255909e+01
7.091028365408789114e+01
7.108539285450123657e+01
7.126072615389396958e+01
7.143628353912980344e+01
7.161206499551107640e+01
7.178807050803467860e+01
7.196430006486257014e+01
7.214075364058084006e+01
7.231743122933129087e+01
7.249433282453200889e+01
7.267145838409618364e+01
7.284880791574310877e+01
7.302638142030389190e+01
7.320417882931381826e+01
7.338220017810287743e+01
7.356044543526870427e+01
7.373891458843237956e+01
7.391760762095005077e+01
7.409652452200909067e+01
7.427566528107313104e+01
7.445502987218279145e+01
7.463461829225508382e+01
7.481443053466593085e+01
7.499446656096144181e+01
7.517472637808064917e+01
7.535520998419337957e+01
7.553591732395926783e+01
7.571684842415683647e+01
7.589800325521416369e+01
7.607938180633229308e+01
7.626098406554929454e+01
7.644281001995068436e+01
7.662485966384284097e+01
7.680713296339985163e+01
7.698962992514404391e+01
7.717235054841297881e+01
7.735529477757198435e+01
7.753846264199542304e+01
7.772185411131513888e+01
7.790546917442281938e+01
7.808930782198980580e+01
7.827337005600453779e+01
7.845765582780036596e+01
7.864216515591765244e+01
7.882689803657520144e+01
7.901185441759221817e+01
7.919703432100074281e+01
7.938243774322856439e+01
7.956806463041831989e+01
7.975391500984622439e+01
7.993998885605763860e+01
8.012628615752569772e+01
8.031280690740270245e+01
8.049955109115389007e+01
8.068651869728542181e+01
8.087370971839609979e+01
8.106112414094499741e+01
8.124876195346770658e+01
8.143662314849287043e+01
8.162470771297405747e+01
8.181301563542152167e+01
8.200154690899864818e+01
8.219030152035786330e+01
8.237927945802049123e+01
8.256848071656591515e+01
8.275790528153633829e+01
8.294755314150991410e+01
8.313742429316221205e+01
8.332751871988148196e+01
8.351783641161839000e+01
8.370837736500548942e+01
8.389914156405930612e+01
8.409012899870704416e+01
8.428133966526323206e+01
8.447277354848317543e+01
8.466443063820092618e+01
8.485631093111965129e+01
8.504841441193276808e+01
8.524074107050755345e+01
8.543329090456718689e+01
8.562606389800438933e+01
8.581906004081166373e+01
8.601227933236989998e+01
8.620572176962974709e+01
8.639938729895162339e+01
8.659327595881762818e+01
8.678738774706975789e+01
8.698172259932670158e+01
8.717628055739410797e+01
8.737106159465588462e+01
8.756606570158785985e+01
8.776129287419168179e+01
8.795674309948721259e+01
8.815241636680721626e+01
8.834831267046413927e+01
8.854443202359482257e+01
8.874077436383569761e+01
8.893733972797988940e+01
8.913412810977973777e+01
8.933113946432753494e+01
8.952837381358416735e+01
8.972583115019719457e+01
8.992351144352873860e+01
9.012141470752909811e+01
9.031954091999624268e+01
9.051789007811240140e+01
9.071646219055006100e+01
9.091525720903318586e+01
9.111427515902617813e+01
9.131351603016305774e+01
9.151297979786613723e+01
9.171266646869287342e+01
9.191257603226081585e+01
9.211270847688939511e+01
9.231306379877590018e+01
9.251364198649774551e+01
9.271444303996027259e+01
9.291546695516478849e+01
9.311671368857783193e+01
9.331818327412348424e+01
9.351987570284224205e+01
9.372179093767715585e+01
9.392392899612198676e+01
9.412628986826325672e+01
9.432887353644611039e+01
9.453168000272691529e+01
9.473470925528519615e+01
9.493796129241763992e+01
9.514143611330887040e+01
9.534513367170559661e+01
9.554905400458787312e+01
9.575319710140936991e+01
9.595756292870588311e+01
9.616215150199167283e+01
9.636696280996029884e+01
9.657199684145177798e+01
9.677725359352443490e+01
9.698273305386642562e+01
9.718843522011749769e+01
9.739436010081544737e+01
9.760050765236958625e+01
9.780687789897183393e+01
9.801347082906548280e+01
9.822028642792218989e+01
9.842732469612944612e+01
9.863458562076073122e+01
9.884206919930537083e+01
9.904977544041102533e+01
9.925770430347265005e+01
9.946585580792815051e+01
9.967422994612441300e+01
9.988282670311679112e+01
1.000916460792254412e+02
1.003006880622905186e+02
1.005099526548504087e+02
1.007194398639210107e+02
1.009291496229249674e+02
1.011390819887313910e+02
1.013492369478111641e+02
1.015596144641057634e+02
1.017702145570014238e+02
1.019810372140931918e+02
1.021920824287309273e+02
1.024033502092839143e+02
1.026148405007894269e+02
1.028265533497524586e+02
1.030384887419979094e+02
1.032506466511986076e+02
1.034630270892694739e+02
1.036756300426521307e+02
1.038884555053789995e+02
1.041015034930893393e+02
1.043147739560636467e+02
1.045282669253716534e+02
1.047419823873454305e+02
1.049559203326015790e+02
1.051700807723895394e+02
1.053844636508208765e+02
1.055990690157825043e+02
1.058138968509040438e+02
1.060289471359693039e+02
1.062442198782552367e+02
1.064597150630207381e+02
1.066754326913455486e+02
1.068913727624069594e+02
1.071075352577637432e+02
1.073239201991768823e+02
1.075405275375411094e+02
1.077573573041027259e+02
1.079744094817081077e+02
1.081916840643014268e+02
1.084091810627087824e+02
1.086269004361238615e+02
1.088448422121990831e+02
1.090630063756140231e+02
1.092813929158202200e+02
1.095000018549666265e+02
1.097188331379032746e+02
1.099378868010364414e+02
1.101571628285767446e+02
1.103766612165726855e+02
1.105963819635317265e+02
1.108163250375556714e+02
1.110364904690881644e+02
1.112568782414472395e+02
1.114774883423051506e+02
1.116983207954526875e+02
1.119193755455563775e+02
1.121406526297375876e+02
1.123621520306537320e+02
1.125838737388308743e+02
1.128058177734168055e+02
1.130279840873907347e+02
1.132503727113574854e+02
1.134729836275897412e+02
1.136958168315884308e+02
1.139188723350612520e+02
1.141421501032145045e+02
1.143656501568925847e+02
1.145893724781239200e+02
1.148133170759940782e+02
1.150374839407736118e+02
1.152618730454306188e+02
1.154864844192911306e+02
1.157113180426978545e+02
1.159363739112066440e+02
1.161616520353726258e+02
1.163871523847768543e+02
1.166128749981036492e+02
1.168388197922155598e+02
1.170649868385687284e+02
1.172913761110202557e+02
1.175179875933351639e+02
1.177448213119104707e+02
1.179718772151994699e+02
1.181991553379494064e+02
1.184266556592679933e+02
1.186543781823922927e+02
1.188823229031252282e+02
1.191104898106700034e+02
1.193388789227676767e+02
1.195674901827958649e+02
1.197963236418455892e+02
1.200253792772661114e+02
1.202546570789344571e+02
1.204841570660192218e+02
1.207138791971752312e+02
1.209438234993467916e+02
1.211739899521975730e+02
1.214043785608780439e+02
1.216349893242025786e+02
1.218658222316282149e+02
1.220968772870574952e+02
1.223281544605037254e+02
1.225596537832809645e+02
1.227913752331803181e+02
1.230233188113410705e+02
1.232554845210241865e+02
1.234878723467525248e+02
1.237204822987264521e+02
1.239533143406034696e+02
1.241863685083193758e+02
1.244196447782821053e+02
1.246531431522858213e+02
1.248868636322126662e+02
1.251208061963962308e+02
1.253549708770182605e+02
1.255893576203121285e+02
1.258239664633598096e+02
1.260587973821594545e+02
1.262938503842374587e+02
1.265291254642245775e+02
1.267646226105044036e+02
1.270003418409492895e+02
1.272362831238020959e+02
1.274724464890716149e+02
1.277088318801797584e+02
1.279454393475567002e+02
1.281822688637041097e+02
1.284193204313620527e+02
1.286565940495794393e+02
1.288940897055452410e+02
1.291318074083394265e+02
1.293697471448685974e+02
1.296079089354720963e+02
1.298462927152007467e+02
1.300848985461885547e+02
1.303237263992502903e+02
1.305627762732187023e+02
1.308020481731672646e+02
1.310415420758309892e+02
1.312812580138599969e+02
1.315211959374165360e+02
1.317613559011907682e+02
1.320017378175537601e+02
1.322423417620919395e+02
1.324831677017814684e+02
1.327242156351944686e+02
1.329654855670219717e+02
1.332069774759342806e+02
1.334486913906552843e+02
1.336906272693889264e+02
1.339327851519571766e+02
1.341751649746458952e+02
1.344177667936429259e+02
1.346605905783697494e+02
1.349036363351828811e+02
1.351469040588118560e+02
1.353903937409001230e+02
1.356341053934139040e+02
1.358780389882832651e+02
1.361221945607159682e+02
1.363665720636593619e+02
1.366111715402409743e+02
1.368559929269574127e+02
1.371010362798512290e+02
1.373463015662712792e+02
1.375917887964524482e+02
1.378374979602887436e+02
1.380834290563672369e+02
1.383295820875569007e+02
1.385759570381456456e+02
1.388225539270270019e+02
1.390693727206222547e+02
1.393164134581107305e+02
1.395636760847675930e+02
1.398111606507168574e+02
1.400588671148188098e+02
1.403067954919993667e+02
1.405549457705516829e+02
1.408033179600435574e+02
1.410519120482691164e+02
1.413007280362532185e+02
1.415497659246756541e+02
1.417990257002925318e+02
1.420485073798717508e+02
1.422982109322073825e+02
1.425481363944499833e+02
1.427982837216893870e+02
1.430486529495516095e+02
1.432992440288608691e+02
1.435500570268609408e+02
1.438010918458311664e+02
1.440523485676389157e+02
1.443038271526108360e+02
1.445555276102094524e+02
1.448074499305598124e+02
