1.045057481800607320e+03
1.034541619925575105e+03
1.024079243325896414e+03
1.013670352360646007e+03
1.003314947397200285e+03
9.930130288117171631e+02
9.827645969891698314e+02
9.725696523237332940e+02
9.624281952190502807e+02
9.523402260884029147e+02
9.423057453551959952e+02
9.323247534531171823e+02
9.223972508265670740e+02
9.125232379308014288e+02
9.027027152324301369e+02
8.929356832097838605e+02
8.832221423531473192e+02
8.735620931652354102e+02
8.639555361615592801e+02
8.544024718708386672e+02
8.449029008354145844e+02
8.354568236117604556e+02
8.260642407707288157e+02
8.167251528983355229e+02
8.074395605959545037e+02
7.982074644811195867e+02
7.890288651877694974e+02
7.799037633669867091e+02
7.708321596875400701e+02
7.618140548364677898e+02
7.528494495196973730e+02
7.439383444627160316e+02
7.350807404112746326e+02
7.262766381319745506e+02
7.175260384131720457e+02
7.088289420655850108e+02
7.001853499232628337e+02
6.915952628442712466e+02
6.830586817116005705e+02
6.745756074341275053e+02
6.661460409475027973e+02
6.577699832152286490e+02
6.494474352295056860e+02
6.411783980125389917e+02
6.329628726175581050e+02
6.248008601299272868e+02
6.166923616685438674e+02
6.086373783869602221e+02
6.006359114748552201e+02
5.926879621593903948e+02
5.847935317066953758e+02
5.769526214234558665e+02
5.691652326584942330e+02
5.614313668044313772e+02
5.537510252996155486e+02
5.461242096298262823e+02
5.385509213303834031e+02
5.310311619881138085e+02
5.235649332435178849e+02
5.161522367931582949e+02
5.087930743919024508e+02
5.014874478555487940e+02
4.942353590633640010e+02
4.870368099610197419e+02
4.798918025633590219e+02
4.728003389576006725e+02
4.657624213065669210e+02
4.587780518520390274e+02
4.518472329184533578e+02
4.449699669166834610e+02
4.381462563480682775e+02
4.313761038086691997e+02
4.246595119937375102e+02
4.179964837024843405e+02
4.113870218431221701e+02
4.048311294380758341e+02
3.983288096297625884e+02
3.918800656863968470e+02
3.854849010083934786e+02
3.791433191350240577e+02
3.728553237515698129e+02
3.666209186967349751e+02
3.604401079707931785e+02
3.543128957440136446e+02
3.482392863657325961e+02
3.422192843739487103e+02
3.362528945056195084e+02
3.303401217075318641e+02
3.244809711479592806e+02
3.186754482290651822e+02
3.129235586001649381e+02
3.072253081718861836e+02
3.015807031312613731e+02
2.959897499579009263e+02
2.904524554413716260e+02
2.849688266997129631e+02
2.795388711992879962e+02
2.741625967761548281e+02
2.688400116589961044e+02
2.635711244936549065e+02
2.583559443696545941e+02
2.531944808486585430e+02
2.480867439951769313e+02
2.430327444095735814e+02
2.380324932638371251e+02
2.330860023400905447e+02
2.281932840722311937e+02
2.233543515910650115e+02
2.185692187730971909e+02
2.138379002935326980e+02
2.091604116836631135e+02
2.045367693933284841e+02
1.999669908587967768e+02
1.954510945766231202e+02
1.909891001842729565e+02
1.865810285479509787e+02
1.822269018586164009e+02
1.779267437369986453e+02
1.736805793485473544e+02
1.694884355295275782e+02
1.653503409253660550e+02
1.612663261427287580e+02
1.572364239169799589e+02
1.532606692966415096e+02
1.493390998469806448e+02
1.454717558750554076e+02
1.416586806787856574e+02
1.378999208229368207e+02
1.341955264455583006e+02
1.305455515986208184e+02
1.269500546272629293e+02
1.234090985927855257e+02
1.199227517450379139e+02
1.164910880509086013e+02
1.131141877865025833e+02
1.097921382017857610e+02
1.065250342677010735e+02
1.033129795173807395e+02
1.001560869948148422e+02
9.705448032627174371e+01
9.400829493223125155e+01
9.101767940012115332e+01
8.808279704115838626e+01
8.520382765809092973e+01
8.238096955398239629e+01
7.961444181673842024e+01
7.690448691763289446e+01
7.425137366649819626e+01
7.165540056980219674e+01
6.911689963983903340e+01
6.663624070359924190e+01
6.421383625506314274e+01
6.185014688360811164e+01
5.954568728798131616e+01
5.730103284441362632e+01
5.511682662924148701e+01
5.299378668794899738e+01
5.093271317782531327e+01
4.893449477156837446e+01
4.700011337841021941e+01
4.513064581260417185e+01
4.332726054028339036e+01
4.159120713759407550e+01
3.992379574124646524e+01
3.832636379142243044e+01
3.680022802870616516e+01
3.534662124262793270e+01
3.396661572467700552e+01
3.266103846220919849e+01
3.143038613633479628e+01
