4.856029041685816992e+03
4.805625942355492043e+03
4.755485529425753157e+03
4.705607802614225875e+03
4.655992761632888687e+03
4.606640406187710141e+03
4.557550735978925331e+03
4.508723750700443816e+03
4.460159450039988769e+03
4.411857833678646784e+03
4.363818901291110706e+03
4.316042652545110286e+03
4.268529087101417645e+03
4.221278204613661728e+03
4.174290004728123677e+03
4.127564487083484892e+03
4.081101651310642865e+03
4.034901497032550651e+03
3.988964023864009960e+03
3.943289231411380570e+03
3.897877119272331583e+03
3.852727687035666349e+03
3.807840934281029604e+03
3.763216860578742399e+03
3.718855465489407834e+03
3.674756748563691417e+03
3.630920709342041391e+03
3.587347347354407248e+03
3.544036662119930952e+03
3.500988653146592242e+03
3.458203319930854377e+03
3.415680661957571829e+03
3.373420678699212658e+03
3.331423369615921274e+03
3.289688734154866324e+03
3.248216771749977397e+03
3.207007481821466627e+03
3.166060863775485359e+03
3.125376917003619837e+03
3.084955640882500575e+03
3.044797034773309861e+03
3.004901098021292455e+03
2.965267829955183061e+03
2.925897229886892546e+03
2.886789297110707594e+03
2.847944030902881877e+03
2.809361430521003513e+03
2.771041495203443446e+03
2.732984224168601031e+03
2.695189616614362421e+03
2.657657671717325229e+03
2.620388388632175065e+03
2.583381766490790142e+03
2.546637804401706489e+03
2.510156501449071129e+03
2.473937856691929937e+03
2.437981869163363172e+03
2.402288537869421361e+03
2.366857861788432729e+03
2.331689839869764910e+03
2.296784471032911370e+03
2.262141754166392275e+03
2.227761688126613535e+03
2.193644271736632618e+03
2.159789503785122179e+03
2.126197383024762530e+03
2.092867908171218915e+03
2.059801077901520330e+03
2.026996890852659817e+03
1.994455345620033995e+03
1.962176440755857811e+03
1.930160174767386479e+03
1.898406546115287938e+03
1.866915553211628321e+03
1.835687194418015451e+03
1.804721468043519963e+03
1.774018372342531848e+03
1.743577905512446932e+03
1.713400065691466352e+03
1.683484850955906495e+03
1.653832259317663556e+03
1.624442288721496425e+03
1.595314937042055362e+03
1.566450202080868848e+03
1.537848081563143751e+03
1.509508573134267635e+03
1.481431674356426811e+03
1.453617382704640022e+03
1.426065695562888322e+03
1.398776610219885924e+03
1.371750123864599800e+03
1.344986233581621264e+03
1.318484936346134418e+03
1.292246229018692247e+03
1.266270108339606395e+03
1.240556570923103891e+03
1.215105613250996612e+03
1.189917231666093812e+03
1.164991422365122162e+03
1.140328181391209000e+03
1.115927504625990878e+03
1.091789387781057712e+03
1.067913826388988127e+03
1.044300815793660604e+03
1.020950351140136377e+03
9.978624273635961117e+02
9.750370391777381656e+02
9.524741810622999765e+02
9.301738472497045223e+02
9.081360317107988749e+02
8.863607281395609334e+02
8.648479299367214708e+02
8.435976301921909908e+02
8.226098216661241622e+02
8.018844967687307417e+02
7.814216475383529996e+02
7.612212656180124668e+02
7.412833422300568600e+02
7.216078681488623943e+02
7.021948336713084018e+02
6.830442285848919255e+02
6.641560421332031865e+02
6.455302629786041280e+02
6.271668791616552880e+02
6.090658780571783382e+02
5.912272463264897624e+02
5.736509698654091380e+02
5.563370337477820158e+02
5.392854221637818455e+02
5.224961183527228741e+02
5.059691045296423795e+02
4.897043618051074532e+02
4.737018700974427361e+02
4.579616080366903930e+02
4.424835528593541198e+02
4.272676802930954523e+02
4.123139644301948010e+02
3.976223775888431646e+02
3.831928901609751392e+02
3.690254704454604280e+02
3.551200844654086382e+02
3.414766957683748956e+02
3.280952652083943235e+02
3.149757507090018294e+02
3.021181070069488896e+02
2.895222853770508209e+02
2.771882333399066169e+02
2.651158943563377761e+02
2.533052075155295881e+02
2.553532865597746877e+02
2.304685229484486513e+02
2.194423789434989942e+02
2.086775941811618793e+02
1.981740823931548050e+02
1.879317524500059733e+02
1.779505092393043810e+02
1.682302553609878828e+02
1.587708941463442329e+02
1.495723348333104639e+02
1.406345012940241759e+02
1.319573467135413409e+02
1.235408784731809249e+02
1.153852010875853722e+02
1.074905924228598479e+02
9.985764449135669452e+01
9.248753663835415750e+01
8.538259175762962627e+01
7.854743939618663262e+01
7.199139867695711814e+01
6.573291857449937936e+01
