8.190366226521059168e-02
8.067614304049729179e-02
7.943702990274786879e-02
7.818614500019593905e-02
7.692330686838347309e-02
7.564833034110243770e-02
7.436102646084943868e-02
7.306120238678108503e-02
7.174866129977423845e-02
7.042320230516796453e-02
6.908462033325921126e-02
6.773270603405275037e-02
6.636724567619248227e-02
6.498802103385729889e-02
6.359480927735515488e-02
6.218738285759683321e-02
6.076550938867386620e-02
5.932895152573327419e-02
5.787746684064670050e-02
5.641080769348366664e-02
5.492872110069121211e-02
5.343094859865329255e-02
5.191722610521757458e-02
5.038728377418418697e-02
4.884084584887843361e-02
4.727763050927879379e-02
4.569734971542869367e-02
4.409970904627466548e-02
4.248440753363608852e-02
4.085113749134564043e-02
3.919958433917671015e-02
3.752942642179153687e-02
3.584033482295457401e-02
3.413197317123142782e-02
3.240399744448913683e-02
3.065605576425367573e-02
2.888778818763908587e-02
2.709882648769740970e-02
2.528879393333145417e-02
2.345730505803892904e-02
2.160396542291353333e-02
1.972837137262611548e-02
1.783010978315311551e-02
1.590875780224586603e-02
1.396388258138514180e-02
1.199504099916893010e-02
1.000177937734604040e-02
7.983633184495624036e-03
5.940126734661339142e-03
3.870772872949625534e-03
