2.461990198751461321e+03
2.436375080437149791e+03
2.410893979586399382e+03
2.385546895972434868e+03
2.360333829363940367e+03
2.335254779525230788e+03
2.310309746216039002e+03
2.285498729191433085e+03
2.260821728201716269e+03
2.236278742992304615e+03
2.211869773303503280e+03
2.187594818870629751e+03
2.163453879423644139e+03
2.139446954687105517e+03
2.115574044380062787e+03
2.091835148215894606e+03
2.068230265902145220e+03
2.044759397140402825e+03
2.021422541626146540e+03
1.998219699048582243e+03
1.975150869090476817e+03
1.952216051428000128e+03
1.929415245730550396e+03
1.906748451660562978e+03
1.884215668873360073e+03
1.861816897016953135e+03
1.839552135731805038e+03
1.817421384650678419e+03
1.795424643398430817e+03
1.773561911591795706e+03
1.751833188839045988e+03
1.730238474740023321e+03
1.708777768885667228e+03
1.687451070857849345e+03
1.666258380229153772e+03
1.645199696562596500e+03
1.624275019411338008e+03
1.603484348318432467e+03
1.582827682816533297e+03
1.562305022427588483e+03
1.541916366662565906e+03
1.521661715021116152e+03
1.501541066991150501e+03
1.481554422048762717e+03
1.461701779657593988e+03
1.441983139268625337e+03
1.422398500319770164e+03
1.402947862235479306e+03
1.383631224426344261e+03
1.364448586288683600e+03
1.345399947204135287e+03
1.326485306539093699e+03
1.307704663644471339e+03
1.289058017854998525e+03
1.270545368488861641e+03
1.252166714847053072e+03
1.233922056213063343e+03
1.215811391852092129e+03
1.197834721010606927e+03
1.179992042915705269e+03
1.162283356774506046e+03
1.144708661773509448e+03
1.127267957077920300e+03
1.109961241830970948e+03
1.092788515153192975e+03
1.075749776141678240e+03
1.058845023869300576e+03
1.042074257383910435e+03
1.025437475707509293e+03
1.008934677835316847e+03
9.925658627350114784e+02
9.763310293456435147e+02
9.602301765767155075e+02
9.442633033071723503e+02
9.284304083843486524e+02
9.127314906228675682e+02
8.971665488034074087e+02
8.817355816717034713e+02
8.664385879371218380e+02
8.512755662714484970e+02
8.362465153075473836e+02
8.213514336379485030e+02
8.065903198133784144e+02
7.919631723412786641e+02
7.774699896841432292e+02
7.631107702579952274e+02
7.488855124305634945e+02
7.347942145194937211e+02
7.208368747905842611e+02
7.070134914557230559e+02
6.933240626709339267e+02
6.797685865342280067e+02
6.663470610834236822e+02
6.530594842938496640e+02
6.399058540759505149e+02
6.268861682727881544e+02
6.140004246574648050e+02
6.012486209304079239e+02
5.886307547165374672e+02
5.761468235623784722e+02
5.637968249329942410e+02
5.515807562087993574e+02
5.394986146822482169e+02
5.275503975544565947e+02
5.157361019315993644e+02
5.040557248212300578e+02
4.925092631284555864e+02
4.810967136519369660e+02
4.698180730798704303e+02
4.586733379856477200e+02
4.476625048235796385e+02
4.367855699243627896e+02
4.260425294904421776e+02
4.154333795914004668e+02
4.049581161590566012e+02
3.946167349826422992e+02
3.844092317038592910e+02
3.743356018119412170e+02
3.643958406387667992e+02
3.545899433539790380e+02
3.449179049602942655e+02
3.353797202889790583e+02
3.259753839956553065e+02
3.167048905564985830e+02
3.075682342649968177e+02
2.985654092294298039e+02
2.896964093712197723e+02
2.809612284246214244e+02
2.723598599377122582e+02
2.638922972754028820e+02
2.555585336247599457e+02
2.473585620032681334e+02
2.392923752707372671e+02
2.313599661457445222e+02
2.235613272277964541e+02
2.158964510263463694e+02
2.083653299986249010e+02
2.009679565982836209e+02
1.937043233374829185e+02
1.865744228658803365e+02
1.795782480707212017e+02
1.727157922034656679e+02
1.659870490398350285e+02
1.593920130823569252e+02
1.529306798167092154e+02
1.466030460371560480e+02
1.404091102607567905e+02
1.343488732565127748e+02
1.284223387245000936e+02
1.226295141721147672e+02
1.169704120516838657e+02
1.114450512479875641e+02
1.060534590392707770e+02
1.007956737065026402e+02
9.567174804227148854e+01
9.068175412707223870e+01
8.582578992242513038e+01
8.110398852203576325e+01
7.651653138689560762e+01
7.206366772835346524e+01
6.774574371119993543e+01
6.356324795133225081e+01
5.951688504548375391e+01
5.560769849860762548e+01
5.183728062414933646e+01
4.820812963896265302e+01
4.472423287468511433e+01
4.139193428101580707e+01
3.822101177889868495e+01
3.522556970871758608e+01
