1.724771325712395935e+02
1.709733946105607458e+02
1.694762917089299492e+02
1.679858241347084515e+02
1.665019921622806578e+02
1.650247960721569598e+02
1.635542361511579088e+02
1.620903126926332902e+02
1.606330259966079268e+02
1.591823763699933636e+02
1.577383641267689143e+02
1.563009895882436808e+02
1.548702530831745605e+02
1.534461549480542715e+02
1.520286955273120384e+02
1.506178751735669152e+02
1.492136942478647939e+02
1.478161531198969953e+02
1.464252521683326052e+02
1.450409917810250988e+02
1.436633723553625828e+02
1.422923942984249663e+02
1.409280580274662498e+02
1.395703639701228838e+02
1.382193125647124532e+02
1.368749042606648345e+02
1.355371395187689245e+02
1.342060188116632276e+02
1.328815426240577153e+02
1.315637114533072065e+02
1.302525258096132177e+02
1.289479862166599560e+02
1.276500932118777172e+02
1.263588473469923912e+02
1.250742491885260819e+02
1.237962993181978959e+02
1.225249983335160806e+02
1.212603468482782887e+02
1.200023454931774722e+02
1.187509949163168841e+02
1.175062957838585760e+02
1.162682487806453651e+02
1.150368546108559542e+02
1.138121139986933343e+02
1.125940276891033278e+02
1.113825964485232163e+02
1.101778210656123491e+02
1.089797023521611123e+02
1.077882411438471735e+02
1.066034383011795370e+02
1.054252947103847760e+02
1.042538112843725742e+02
1.030889889638041552e+02
1.019308287180784021e+02
1.007793315464542445e+02
9.963449847925592451e+01
9.849633057899198718e+01
9.736482894172524993e+01
9.623999469829999498e+01
9.512182901581878980e+01
9.401033309902619806e+01
9.290550819188695186e+01
9.180735557914334777e+01
9.071587658807119681e+01
8.963107259013955286e+01
8.855294500294098725e+01
8.748149529209739228e+01
8.641672497331869351e+01
8.535863561457766480e+01
8.430722883830851799e+01
8.326250632382662786e+01
8.222446980982240916e+01
8.119312109698987001e+01
8.016846205081888854e+01
7.915049460447269780e+01
7.813922076193844646e+01
7.713464260123458871e+01
7.613676227787189532e+01
7.514558202840868262e+01
7.416110417438555658e+01
7.318333112628073422e+01
7.221226538783741944e+01
7.124790956054756919e+01
7.029026634848898425e+01
6.933933856334684265e+01
6.839512912979026282e+01
6.745764109121505214e+01
6.652687761572617831e+01
6.560284200256957376e+01
6.468553768890907918e+01
6.377496825707201822e+01
6.287113744226431322e+01
6.197404914065763393e+01
6.108370741814538007e+01
6.020011651957778298e+01
5.932328087860752674e+01
5.845320512823256109e+01
5.758989411201440589e+01
5.673335289597856246e+01
5.588358678150699888e+01
5.504060131892401131e+01
5.420440232215219112e+01
5.337499588435730402e+01
5.255238839469578238e+01
5.173658655626038438e+01
5.092759740539283086e+01
5.012542833233044348e+01
4.933008710341500347e+01
4.854158188495729576e+01
4.775992126896115764e+01
4.698511430074888295e+01
4.621717050874304533e+01
4.545609993658210612e+01
4.470191317785152307e+01
4.395462141342860463e+01
4.321423645200783170e+01
4.248077077382078670e+01
4.175423757810303016e+01
4.103465083435471428e+01
4.032202533806121636e+01
3.961637677111884415e+01
3.891772176747216605e+01
3.822607798446953353e+01
3.754146418049427325e+01
3.686390029950860736e+01
3.619340756315753538e+01
3.553000857125142176e+01
3.487372741134491605e+01
3.422458977856492623e+01
3.358262310637295656e+01
3.294785670970121316e+01
3.232032194147612358e+01
3.170005236398300141e+01
3.108708393647748736e+01
3.048145522068968916e+01
2.988320760587575720e+01
2.929238555532170807e+01
2.870903687622034184e+01
2.813321301494627846e+01
2.756496937986593565e+01
2.700436569375468920e+01
2.645146637784016264e+01
2.590634096930662622e+01
2.536906457375776114e+01
2.483971835353053237e+01
2.431839005195719494e+01
2.380517455247517233e+01
2.330017446976300022e+01
2.280350076791834368e+01
2.231527339772328489e+01
2.183562194134684731e+01
2.136468624832139795e+01
2.090261704110941920e+01
2.044957646241602234e+01
2.000573852954810761e+01
1.957128945415460208e+01
1.914642777918249195e+01
1.873136427976783835e+01
1.832632157221181401e+01
1.793153337650236878e+01
1.754724338441653586e+01
1.717370369829742316e+01
1.681117282588647299e+01
1.645991324412144152e+01
1.612018857851041886e+01
1.579226048236311897e+01
1.547638533837785069e+01
1.517281093970076888e+01
1.488177333406920866e+01
1.460349402909760208e+01
