7.279176187495093586e+01
7.161584469413180898e+01
7.044945111817553141e+01
6.929258052789280953e+01
6.814523228613597894e+01
6.700740573712721471e+01
6.587910020574814496e+01
6.476031499680274806e+01
6.365104939423149943e+01
6.255130266035107667e+01
6.146107403483813414e+01
6.038036273410679655e+01
5.930916795015627940e+01
5.824748884960256845e+01
5.719532457277635018e+01
5.615267423246833545e+01
5.511953691293155089e+01
5.409591166856835542e+01
5.308179752269846574e+01
5.207719346625239609e+01
5.108209845632743651e+01
5.009651141471367453e+01
4.912043122630446135e+01
4.815385673747199746e+01
4.719678675431681825e+01
4.624922004079922289e+01
4.531115531672262620e+01
4.438259125582388265e+01
4.346352648341436264e+01
4.255395957411172958e+01
4.165388904937415759e+01
4.076331337486185191e+01
3.988223095766141313e+01
3.901064014322997053e+01
3.814853921241540036e+01
3.729592637791002829e+01
3.645279978073612881e+01
3.561915748639372481e+01
3.479499748076597854e+01
3.398031766574000301e+01
3.317511585451503464e+01
3.237938976656602108e+01
3.159313702223953513e+01
3.081635513695683670e+01
3.004904151498023523e+01
2.929119344270392133e+01
2.854280808142128478e+01
2.780388245948896042e+01
2.707441346390238479e+01
2.635439783115717916e+01
2.564383213733014699e+01
2.494271278732846042e+01
2.425103600320063890e+01
2.356879781140963459e+01
2.289599402894365454e+01
2.223262024814481208e+01
2.157867182009835005e+01
2.093414383641968257e+01
2.029903110925811305e+01
1.967332814927129547e+01
1.905702914129529191e+01
1.845012791747538117e+01
1.785261792750938881e+01
1.726449220556926534e+01
1.668574333342319704e+01
1.611636339929548711e+01
1.555634395183843566e+01
1.500567594838306995e+01
1.446434969672906057e+01
1.393235478932775528e+01
1.340968002872834219e+01
1.289631334276050190e+01
1.239224168776924806e+01
1.189745093771700013e+01
1.141192575665157705e+01
1.093564945140625078e+01
1.046860380074465269e+01
1.001076885626860680e+01
9.562122709315433511e+00
9.122641216677969567e+00
8.692297676193836864e+00
8.271062440948584893e+00
7.858902457994763502e+00
7.455780713611056321e+00
7.061655562441586653e+00
6.676479911571166603e+00
6.300200222992232035e+00
5.932755288081390077e+00
5.574074715719560480e+00
5.224077061672470990e+00
4.882667510603414307e+00
4.549735004502939439e+00
4.225148694866651233e+00
3.908753582114457004e+00
3.600365200193511583e+00
3.299763211108911687e+00
3.006683799649670252e+00
2.720810806799294657e+00
2.441765612326146417e+00
2.169095865904772324e+00
