4.101644681010299998e+00
4.102180929840056223e+00
4.102722849782288961e+00
4.103270530984315378e+00
4.103824065507502006e+00
4.104383547378011698e+00
4.104949072639661800e+00
4.105520739407736208e+00
4.106098647925030320e+00
4.106682900619690102e+00
4.107273602164781323e+00
4.107870859539858976e+00
4.108474782094498678e+00
4.109085481614258129e+00
4.109703072388374956e+00
4.110327671280018080e+00
4.110959397798700010e+00
4.111598374175650328e+00
4.112244725440973525e+00
4.112898579504048691e+00
4.113560067236263329e+00
4.114229322557402924e+00
4.114906482523885245e+00
4.115591687420878664e+00
4.116285080857626788e+00
4.116986809865825769e+00
4.117697025001705313e+00
4.118415880451568256e+00
4.119143534141660901e+00
4.119880147851280761e+00
4.120625887330485959e+00
4.121380922421793436e+00
4.122145427187120958e+00
4.122919580038258758e+00
4.123703563873020173e+00
4.124497566216366984e+00
4.125301779366751020e+00
4.126116400547990004e+00
4.126941632066904120e+00
4.127777681477343918e+00
4.128624761750091743e+00
4.129483091449623444e+00
4.130352894917650453e+00
4.131234402464246891e+00
4.132127850567028915e+00
4.133033482073500409e+00
4.133951546421585910e+00
4.134882299859197197e+00
4.135826005677217587e+00
4.136782934451431082e+00
4.137753364294192160e+00
4.138737581116893161e+00
4.139735878902741639e+00
4.140748559991400235e+00
4.141775935375628492e+00
4.142818325010201974e+00
4.143876058134865481e+00
4.144949473609977453e+00
4.146038920267627326e+00
4.147144757277748006e+00
4.148267354530146278e+00
4.149407093034132465e+00
4.150564365334827421e+00
4.151739575949064509e+00
4.152933141820494889e+00
4.154145492795576544e+00
4.155377072121066107e+00
4.156628336965126458e+00
4.157899758961532299e+00
4.159191824780273272e+00
4.160505036724442718e+00
4.161839913355626308e+00
4.163196990149134358e+00
4.164576820180544203e+00
4.165979974845890332e+00
4.167407044616463274e+00
4.168858639830912871e+00
4.170335391526649005e+00
4.171837952312380082e+00
4.173366997284698066e+00
4.174923224990895854e+00
4.176507358440579409e+00
4.178120146170015481e+00
4.179762363360159938e+00
4.181434813014132779e+00
4.183138327195641715e+00
4.184873768333255306e+00
4.186642030594010855e+00
4.188444041330289913e+00
4.190280762606286125e+00
4.192153192805364803e+00
4.194062368327360346e+00
4.196009365379027578e+00
4.197995301863818973e+00
4.200021339379050644e+00
4.202088685324129713e+00
4.204198595129849281e+00
4.206352374615287104e+00
4.208551382481911851e+00
4.210797032951282937e+00
4.213090798558383199e+00
4.215434213110722972e+00
4.217828874822561858e+00
4.220276449637338168e+00
4.222778674752325934e+00
4.225337362355722881e+00
4.227954403594671007e+00
4.230631772787974754e+00
4.233371531900568918e+00
4.236175835299222925e+00
4.239046934808232692e+00
4.241987185085852374e+00
4.244999049347138786e+00
4.248085105453138333e+00
4.251248052397364141e+00
4.254490717216456552e+00
4.257816062354333297e+00
4.261227193515331635e+00
4.264727368042262157e+00
4.268320003854732647e+00
4.272008688993047976e+00
4.275797191811082421e+00
4.279689471866737982e+00
4.283689691561669122e+00
4.287802228586663489e+00
4.292031689237814085e+00
4.296382922660921366e+00
4.300861036103030166e+00
4.305471411243707358e+00
4.310219721692367223e+00
4.315111951734904139e+00
4.320154416433956257e+00
4.325353783182596779e+00
4.330717094826931124e+00
4.336251794477234078e+00
4.341965752142788126e+00
4.347867293332140726e+00
4.353965229773833379e+00
4.360268892424794984e+00
4.366788166947761063e+00
4.373533531855609446e+00
4.380516099537731023e+00
4.387747660392466109e+00
4.395240730324907474e+00
4.403008601879787598e+00
4.411065399306210999e+00
4.419426137876977023e+00
4.428106787816691536e+00
4.437124343220219203e+00
4.446496896388707931e+00
4.456243718030028056e+00
4.466385343844794242e+00
4.476943668038953383e+00
4.487942044380847761e+00
4.499405395471416824e+00
4.511360330977009170e+00
4.523835275643072862e+00
4.536860608010510276e+00
4.550468810852300372e+00
4.564694634469946166e+00
4.579575274124655593e+00
4.595150563033490343e+00
4.611463182539793593e+00
4.628558891272088083e+00
4.646486775342952846e+00
4.665299521911694391e+00
4.685053718750308072e+00
4.705810182816541953e+00
4.727634321259865935e+00
4.750596528774469363e+00
