1.160499592012185531e+03
1.148795383518922335e+03
1.137150765459207150e+03
1.125565738187301804e+03
1.114040302065835249e+03
1.102574457466126660e+03
1.091168204768270243e+03
1.079821544361392625e+03
1.068534476644140568e+03
1.057307002024748044e+03
1.046139120921360927e+03
1.035030833762451948e+03
1.023982140987093317e+03
1.012993043045171476e+03
1.002063540397858674e+03
9.911936335179113939e+02
9.803833228900110726e+02
9.696326090112769407e+02
9.589414923914494011e+02
9.483099735534622141e+02
9.377380530336961328e+02
9.272257313827334428e+02
9.167730091653751288e+02
9.063798869615843614e+02
8.960463653665608490e+02
8.857724449915003788e+02
8.755581264641507460e+02
8.654034104292203438e+02
8.553082975489712680e+02
8.452727885039518014e+02
8.352968839935006145e+02
8.253805847365323416e+02
8.155238914719556078e+02
8.057268049597429354e+02
7.959893259813449049e+02
7.863114553406350069e+02
7.766931938646498566e+02
7.671345424045500749e+02
7.576355018362233977e+02
7.481960730614769091e+02
7.388162570088397842e+02
7.294960546346347883e+02
7.202354669238553697e+02
7.110344948915225132e+02
7.018931395835385274e+02
6.928114020780484452e+02
6.837892834866305520e+02
6.748267849555895737e+02
6.659239076673002273e+02
6.570806528416586616e+02
6.482970217375941502e+02
6.395730156545409955e+02
6.309086359341463321e+02
6.223038839619744067e+02
6.137587611692711107e+02
6.052732690349258746e+02
5.968474090873689875e+02
5.884811829066912878e+02
5.801745921268180837e+02
5.719276384378619014e+02
5.637403235883926982e+02
5.556126493881413353e+02
5.475446177106111918e+02
5.395362304958191544e+02
5.315874897533473131e+02
5.236983975654073902e+02
5.158689560902305402e+02
5.080991675653371544e+02
5.003890343113803283e+02
4.927385587359188435e+02
4.851477433375051191e+02
4.776165907100160553e+02
4.701451035471304749e+02
4.627332846471866787e+02
4.553811369183334818e+02
4.480886633838015314e+02
4.408558671876438666e+02
4.336827516008469843e+02
4.265693200276530774e+02
4.195155760124059157e+02
4.125215232467148780e+02
4.055871655772186841e+02
3.987125070135907663e+02
3.918975517372684294e+02
3.851423041107005361e+02
3.784467686870460170e+02
3.718109502206739307e+02
3.652348536782785686e+02
3.587184842507443818e+02
3.522618473657677214e+02
3.458649487014688475e+02
3.395277942007249976e+02
3.332503900867365587e+02
3.270327428794718685e+02
3.208748594134189034e+02
3.147767468565617719e+02
3.087384127307292943e+02
3.027598649334570950e+02
2.968411117614391515e+02
2.909821619357989562e+02
2.851830246291796129e+02
2.794437094950746996e+02
2.737642266992547775e+02
2.681445869538360967e+02
2.625848015539533549e+02
2.570848824174657921e+02
2.516448421278584533e+02
2.462646939807283388e+02
2.409444520341791360e+02
2.356841311634327383e+02
2.304837471202485233e+02
2.253433165974269627e+02
2.202628572991131080e+02
2.152423880172641191e+02
2.102819287152403831e+02
2.053815006189635426e+02
2.005411263166490130e+02
1.957608298679824657e+02
1.910406369237653053e+02
1.863805748572634400e+02
1.817806729085773725e+02
1.772409623434150490e+02
1.727614766281431571e+02
1.683422516229173880e+02
1.639833257950682253e+02
1.596847404553394369e+02
1.554465400196237113e+02
1.512687722995243007e+02
1.471514888254177151e+02
1.430947452061948013e+02
1.390986015304460750e+02
1.351631228146885917e+02
1.312883795050236699e+02
1.274744480394119677e+02
1.237214114790816097e+02
1.200293602188442179e+02
1.163983927874661646e+02
1.128286167512804639e+02
1.093201497359260657e+02
1.058731205838601142e+02
1.024876706679235099e+02
9.916395538427306633e+01
9.590214585210821951e+01
9.270243085149250817e+01
8.956501903566696399e+01
8.649014145941349341e+01
8.347805447102319931e+01
8.052904302173106998e+01
7.764342445263812920e+01
7.482155282473284785e+01
7.206382386194736966e+01
6.937068057748349759e+01
6.674261964864841445e+01
6.418019858848532522e+01
6.168404372963916416e+01
5.925485897284819004e+01
5.689343514784746958e+01
5.460065966392365766e+01
5.237752586591336268e+01
5.022514112905013661e+01
4.814473219939716131e+01
4.613764561819984777e+01
4.420534031665383878e+01
4.234936878601684640e+01
4.057134289788314163e+01
3.887288086919232200e+01
3.725553345819390216e+01
3.572069048496297938e+01
3.426947299256427470e+01
3.290262096864206143e+01
